0
111
2	1000.0	27
2	1000.0	5
2	1000.0	29
2	1000.0	29
2	1000.0	29
1	1000.0	12
2	1000.0	29
2	1000.0	27
2	1000.0	5
2	1000.0	27
2	1000.0	16
2	1000.0	5
1	1000.0	29
1	1000.0	36
2	1000.0	36
2	1000.0	27
2	1000.0	27
2	1000.0	27
2	1000.0	36
2	1000.0	29
2	1000.0	29
2	1000.0	36
2	1000.0	16
2	1000.0	27
2	1000.0	5
2	1000.0	27
2	1000.0	5
1	1000.0	36
2	1000.0	29
1	1000.0	27
2	1000.0	29
2	1000.0	29
2	1000.0	5
2	1000.0	29
2	1000.0	5
2	1000.0	5

1
111
2	1000.0	27
2	1000.0	5
2	1000.0	29
2	1000.0	29
2	1000.0	29
1	984.475	12
2	1000.0	29
2	1000.0	27
2	1000.0	5
2	1000.0	27
2	1000.0	16
2	1000.0	5
1	984.625	29
1	984.675	36
2	1000.0	36
2	1000.0	27
2	1000.0	27
2	1000.0	27
2	1000.0	36
2	1000.0	29
2	1000.0	29
2	1000.0	36
2	1000.0	16
2	1000.0	27
2	1000.0	5
2	1000.0	27
2	1000.0	5
1	984.225	36
2	1000.0	29
1	984.225	27
2	1000.0	29
2	1000.0	29
2	1000.0	5
2	1000.0	29
2	1000.0	5
2	1000.0	5

2
111
2	1000.0	27
2	1000.0	5
2	1000.0	29
2	1000.0	29
2	1000.0	29
1	968.95	12
2	1000.0	29
2	1000.0	27
2	1000.0	5
2	1000.0	27
2	1000.0	16
2	1000.0	5
1	969.25	29
1	969.3499999999999	36
2	1000.0	36
2	1000.0	27
2	1000.0	27
2	1000.0	27
2	1000.0	36
2	1000.0	29
2	1000.0	29
2	1000.0	36
2	1000.0	16
2	1000.0	27
2	1000.0	5
2	1000.0	27
2	1000.0	5
1	968.45	36
2	1000.0	29
1	968.45	27
2	1000.0	29
2	1000.0	29
2	1000.0	5
2	1000.0	29
2	1000.0	5
2	1000.0	5

3
111
2	1000.0	27
2	1000.0	5
2	1000.0	29
2	1000.0	29
2	1000.0	29
1	953.4250000000001	12
2	1000.0	29
2	1000.0	27
2	1000.0	5
2	1000.0	27
2	1000.0	16
2	1000.0	5
1	953.875	29
1	954.0249999999999	36
2	1000.0	36
2	1000.0	27
2	1000.0	27
2	1000.0	27
2	1000.0	36
2	1000.0	29
2	1000.0	29
2	1000.0	36
2	1000.0	16
2	1000.0	27
2	1000.0	5
2	1000.0	27
2	1000.0	5
1	952.6750000000001	36
2	1000.0	29
1	952.6750000000001	27
2	1000.0	29
2	1000.0	29
2	1000.0	5
2	1000.0	29
2	1000.0	5
2	1000.0	5

4
111
2	1000.0	27
2	1000.0	5
2	1000.0	29
2	1000.0	29
2	1000.0	29
1	937.9000000000001	12
2	1000.0	29
2	1000.0	27
2	1000.0	5
2	1000.0	27
2	1000.0	16
2	1000.0	5
1	938.5	29
1	938.6999999999998	36
2	1000.0	36
2	1000.0	27
2	1000.0	27
2	1000.0	27
2	1000.0	36
2	1000.0	29
2	1000.0	29
2	1000.0	36
2	1000.0	16
2	1000.0	27
2	1000.0	5
2	1000.0	27
2	1000.0	5
1	936.9000000000001	36
2	1000.0	29
1	936.9000000000001	27
2	1000.0	29
2	1000.0	29
2	1000.0	5
2	1000.0	29
2	1000.0	5
2	1000.0	5

5
111
2	1000.0	27
2	1000.0	5
2	1000.0	29
2	1000.0	29
2	1000.0	29
1	922.3750000000001	12
2	1000.0	29
2	1000.0	27
2	1000.0	5
2	1000.0	27
2	1000.0	16
2	1000.0	5
1	923.125	29
1	923.3749999999998	36
2	1000.0	36
2	1000.0	27
2	1000.0	27
2	1000.0	27
2	1000.0	36
2	1000.0	29
2	1000.0	29
2	1000.0	36
2	1000.0	16
2	1000.0	27
2	1000.0	5
2	1000.0	27
2	1000.0	5
1	921.1250000000001	36
2	1000.0	29
1	921.1250000000001	27
2	1000.0	29
2	1000.0	29
2	1000.0	5
2	1000.0	29
2	1000.0	5
2	1000.0	5

6
111
2	1000.0	27
2	1000.0	5
2	1000.0	29
2	1000.0	29
2	1000.0	29
1	906.8500000000001	12
2	1000.0	29
2	1000.0	27
2	1000.0	5
2	1000.0	27
2	1000.0	16
2	1000.0	5
1	907.75	29
1	908.0499999999997	36
2	1000.0	36
2	1000.0	27
2	1000.0	27
2	1000.0	27
2	1000.0	36
2	1000.0	29
2	1000.0	29
2	1000.0	36
2	1000.0	16
2	1000.0	27
2	1000.0	5
2	1000.0	27
2	1000.0	5
1	905.3500000000001	36
2	1000.0	29
1	905.3500000000001	27
2	1000.0	29
2	1000.0	29
2	1000.0	5
2	1000.0	29
2	1000.0	5
2	1000.0	5

7
111
2	1000.0	27
2	1000.0	5
2	1000.0	29
2	1000.0	29
2	1000.0	29
1	891.3250000000002	12
2	1000.0	29
2	1000.0	27
2	1000.0	5
2	1000.0	27
2	1000.0	16
2	1000.0	5
1	892.375	29
1	892.7249999999997	36
2	1000.0	36
2	1000.0	27
2	1000.0	27
2	1000.0	27
2	1000.0	36
2	1000.0	29
2	1000.0	29
2	1000.0	36
2	1000.0	16
2	1000.0	27
2	1000.0	5
2	1000.0	27
2	1000.0	5
1	889.5750000000002	36
2	1000.0	29
1	889.5750000000002	27
2	1000.0	29
2	1000.0	29
2	1000.0	5
2	1000.0	29
2	1000.0	5
2	1000.0	5

8
111
2	1000.0	27
2	1000.0	5
2	1000.0	29
2	1000.0	29
2	1000.0	29
1	875.8000000000002	12
2	1000.0	29
2	1000.0	27
2	1000.0	5
2	1000.0	27
2	1000.0	16
2	1000.0	5
1	877.0	29
1	877.3999999999996	36
2	1000.0	36
2	1000.0	27
2	1000.0	27
2	1000.0	27
2	1000.0	36
2	1000.0	29
2	1000.0	29
2	1000.0	36
2	1000.0	16
2	1000.0	27
2	1000.0	5
2	1000.0	27
2	1000.0	5
1	873.8000000000002	36
2	1000.0	29
1	873.8000000000002	27
2	1000.0	29
2	1000.0	29
2	1000.0	5
2	1000.0	29
2	1000.0	5
2	1000.0	5

9
111
2	1000.0	27
2	1000.0	5
2	1000.0	29
2	1000.0	29
2	1000.0	29
1	860.2750000000002	12
2	1000.0	29
2	1000.0	27
2	1000.0	5
2	1000.0	27
2	1000.0	16
2	1000.0	5
1	861.625	29
1	862.0749999999996	36
2	1000.0	36
2	1000.0	27
2	1000.0	27
2	1000.0	27
2	1000.0	36
2	1000.0	29
2	1000.0	29
2	1000.0	36
2	1000.0	16
2	1000.0	27
2	1000.0	5
2	1000.0	27
2	1000.0	5
1	858.0250000000002	36
2	1000.0	29
1	858.0250000000002	27
2	1000.0	29
2	1000.0	29
2	1000.0	5
2	1000.0	29
2	1000.0	5
2	1000.0	5

10
111
2	1000.0	27
2	1000.0	5
2	1000.0	29
2	1000.0	29
2	1000.0	29
1	844.7500000000002	12
2	1000.0	29
2	1000.0	27
2	1000.0	5
2	1000.0	27
2	1000.0	16
2	1000.0	5
1	846.25	29
1	846.7499999999995	36
2	1000.0	36
2	1000.0	27
2	1000.0	27
2	1000.0	27
2	1000.0	36
2	1000.0	29
2	1000.0	29
2	1000.0	36
2	1000.0	16
2	1000.0	27
2	1000.0	5
2	1000.0	27
2	1000.0	5
1	842.2500000000002	36
2	1000.0	29
1	842.2500000000002	27
2	1000.0	29
2	1000.0	29
2	1000.0	5
2	1000.0	29
2	1000.0	5
2	1000.0	5

11
111
2	1000.0	27
2	1000.0	5
2	1000.0	29
2	1000.0	29
2	1000.0	29
1	829.2250000000003	12
2	1000.0	29
2	1000.0	27
2	1000.0	5
2	1000.0	27
2	1000.0	16
2	1000.0	5
1	830.875	29
1	831.4249999999995	36
2	1000.0	36
2	1000.0	27
2	1000.0	27
2	1000.0	27
2	1000.0	36
2	1000.0	29
2	1000.0	29
2	1000.0	36
2	1000.0	16
2	1000.0	27
2	1000.0	5
2	1000.0	27
2	1000.0	5
1	826.4750000000003	36
2	1000.0	29
1	826.4750000000003	27
2	1000.0	29
2	1000.0	29
2	1000.0	5
2	1000.0	29
2	1000.0	5
2	1000.0	5

12
111
2	1000.0	27
2	1000.0	5
2	1000.0	29
2	1000.0	29
2	1000.0	29
1	813.7000000000003	12
2	1000.0	29
2	1000.0	27
2	1000.0	5
2	1000.0	27
2	1000.0	16
2	1000.0	5
1	815.5	29
1	816.0999999999995	36
2	1000.0	36
2	1000.0	27
2	1000.0	27
2	1000.0	27
2	1000.0	36
2	1000.0	29
2	1000.0	29
2	1000.0	36
2	1000.0	16
2	1000.0	27
2	1000.0	5
2	1000.0	27
2	1000.0	5
1	810.7000000000003	36
2	1000.0	29
1	810.7000000000003	27
2	1000.0	29
2	1000.0	29
2	1000.0	5
2	1000.0	29
2	1000.0	5
2	1000.0	5

13
111
2	1000.0	27
2	1000.0	5
2	1000.0	29
2	1000.0	29
2	1000.0	29
1	798.1750000000003	12
2	1000.0	29
2	1000.0	27
2	1000.0	5
2	1000.0	27
2	1000.0	16
2	1000.0	5
1	800.125	29
1	800.7749999999994	36
2	1000.0	36
2	1000.0	27
2	1000.0	27
2	1000.0	27
2	1000.0	36
2	1000.0	29
2	1000.0	29
2	1000.0	36
2	1000.0	16
2	1000.0	27
2	1000.0	5
2	1000.0	27
2	1000.0	5
1	794.9250000000003	36
2	1000.0	29
1	794.9250000000003	27
2	1000.0	29
2	1000.0	29
2	1000.0	5
2	1000.0	29
2	1000.0	5
2	1000.0	5

14
111
2	1000.0	27
2	1000.0	5
2	1000.0	29
2	1000.0	29
2	1000.0	29
1	782.6500000000003	12
2	1000.0	29
2	1000.0	27
2	1000.0	5
2	1000.0	27
2	1000.0	16
2	1000.0	5
1	784.75	29
1	785.4499999999994	36
2	1000.0	36
2	1000.0	27
2	1000.0	27
2	1000.0	27
2	1000.0	36
2	1000.0	29
2	1000.0	29
2	1000.0	36
2	1000.0	16
2	1000.0	27
2	1000.0	5
2	1000.0	27
2	1000.0	5
1	779.1500000000003	36
2	1000.0	29
1	779.1500000000003	27
2	1000.0	29
2	1000.0	29
2	1000.0	5
2	1000.0	29
2	1000.0	5
2	1000.0	5

15
111
2	1000.0	27
2	1000.0	5
2	1000.0	29
2	1000.0	29
2	1000.0	29
1	767.1250000000003	12
2	1000.0	29
2	1000.0	27
2	1000.0	5
2	1000.0	27
2	1000.0	16
2	1000.0	5
1	769.375	29
1	770.1249999999993	36
2	1000.0	36
2	1000.0	27
2	1000.0	27
2	1000.0	27
2	1000.0	36
2	1000.0	29
2	1000.0	29
2	1000.0	36
2	1000.0	16
2	1000.0	27
2	1000.0	5
2	1000.0	27
2	1000.0	5
1	763.3750000000003	36
2	1000.0	29
1	763.3750000000003	27
2	1000.0	29
2	1000.0	29
2	1000.0	5
2	1000.0	29
2	1000.0	5
2	1000.0	5

16
111
2	1000.0	27
2	1000.0	5
2	1000.0	29
2	1000.0	29
2	1000.0	29
1	751.6000000000004	12
2	1000.0	29
2	1000.0	27
2	1000.0	5
2	1000.0	27
2	1000.0	16
2	1000.0	5
1	754.0	29
1	754.7999999999993	36
2	1000.0	36
2	1000.0	27
2	1000.0	27
2	1000.0	27
2	1000.0	36
2	1000.0	29
2	1000.0	29
2	1000.0	36
2	1000.0	16
2	1000.0	27
2	1000.0	5
2	1000.0	27
2	1000.0	5
1	747.6000000000004	36
2	1000.0	29
1	747.6000000000004	27
2	1000.0	29
2	1000.0	29
2	1000.0	5
2	1000.0	29
2	1000.0	5
2	1000.0	5

17
111
2	1000.0	27
2	1000.0	5
2	1000.0	29
2	1000.0	29
2	1000.0	29
1	736.0750000000004	12
2	1000.0	29
2	1000.0	27
2	1000.0	5
2	1000.0	27
2	1000.0	16
2	1000.0	5
1	738.625	29
1	739.4749999999992	36
2	1000.0	36
2	1000.0	27
2	1000.0	27
2	1000.0	27
2	1000.0	36
2	1000.0	29
2	1000.0	29
2	1000.0	36
2	1000.0	16
2	1000.0	27
2	1000.0	5
2	1000.0	27
2	1000.0	5
1	731.8250000000004	36
2	1000.0	29
1	731.8250000000004	27
2	1000.0	29
2	1000.0	29
2	1000.0	5
2	1000.0	29
2	1000.0	5
2	1000.0	5

18
111
2	1000.0	27
2	1000.0	5
2	1000.0	29
2	1000.0	29
2	1000.0	29
1	720.5500000000004	12
2	1000.0	29
2	1000.0	27
2	1000.0	5
2	1000.0	27
2	1000.0	16
2	1000.0	5
1	723.25	29
1	724.1499999999992	36
2	1000.0	36
2	1000.0	27
2	1000.0	27
2	1000.0	27
2	1000.0	36
2	1000.0	29
2	1000.0	29
2	1000.0	36
2	1000.0	16
2	1000.0	27
2	1000.0	5
2	1000.0	27
2	1000.0	5
1	716.0500000000004	36
2	1000.0	29
1	716.0500000000004	27
2	1000.0	29
2	1000.0	29
2	1000.0	5
2	1000.0	29
2	1000.0	5
2	1000.0	5

19
111
2	1000.0	27
2	1000.0	5
2	1000.0	29
2	1000.0	29
2	1000.0	29
1	705.0250000000004	12
2	1000.0	29
2	1000.0	27
2	1000.0	5
2	1000.0	27
2	1000.0	16
2	1000.0	5
1	707.875	29
1	708.8249999999991	36
2	1000.0	36
2	1000.0	27
2	1000.0	27
2	1000.0	27
2	1000.0	36
2	1000.0	29
2	1000.0	29
2	1000.0	36
2	1000.0	16
2	1000.0	27
2	1000.0	5
2	1000.0	27
2	1000.0	5
1	700.2750000000004	36
2	1000.0	29
1	700.2750000000004	27
2	1000.0	29
2	1000.0	29
2	1000.0	5
2	1000.0	29
2	1000.0	5
2	1000.0	5

20
111
2	1000.0	27
2	1000.0	5
2	1000.0	29
2	1000.0	29
2	1000.0	29
1	689.5000000000005	12
2	1000.0	29
2	1000.0	27
2	1000.0	5
2	1000.0	27
2	1000.0	16
2	1000.0	5
1	692.5	29
1	693.4999999999991	36
2	1000.0	36
2	1000.0	27
2	1000.0	27
2	1000.0	27
2	1000.0	36
2	1000.0	29
2	1000.0	29
2	1000.0	36
2	1000.0	16
2	1000.0	27
2	1000.0	5
2	1000.0	27
2	1000.0	5
1	684.5000000000005	36
2	1000.0	29
1	684.5000000000005	27
2	1000.0	29
2	1000.0	29
2	1000.0	5
2	1000.0	29
2	1000.0	5
2	1000.0	5

21
111
2	1000.0	27
2	1000.0	5
2	1000.0	29
2	1000.0	29
2	1000.0	29
1	673.9750000000005	12
2	1000.0	29
2	1000.0	27
2	1000.0	5
2	1000.0	27
2	1000.0	16
2	1000.0	5
1	677.125	29
1	678.174999999999	36
2	1000.0	36
2	1000.0	27
2	1000.0	27
2	1000.0	27
2	1000.0	36
2	1000.0	29
2	1000.0	29
2	1000.0	36
2	1000.0	16
2	1000.0	27
2	1000.0	5
2	1000.0	27
2	1000.0	5
1	668.7250000000005	36
2	1000.0	29
1	668.7250000000005	27
2	1000.0	29
2	1000.0	29
2	1000.0	5
2	1000.0	29
2	1000.0	5
2	1000.0	5

22
111
2	1000.0	27
2	1000.0	5
2	1000.0	29
2	1000.0	29
2	1000.0	29
1	658.4500000000005	12
2	1000.0	29
2	1000.0	27
2	1000.0	5
2	1000.0	27
2	1000.0	16
2	1000.0	5
1	661.75	29
1	662.849999999999	36
2	1000.0	36
2	1000.0	27
2	1000.0	27
2	1000.0	27
2	1000.0	36
2	1000.0	29
2	1000.0	29
2	1000.0	36
2	1000.0	16
2	1000.0	27
2	1000.0	5
2	1000.0	27
2	1000.0	5
1	652.9500000000005	36
2	1000.0	29
1	652.9500000000005	27
2	1000.0	29
2	1000.0	29
2	1000.0	5
2	1000.0	29
2	1000.0	5
2	1000.0	5

23
111
2	1000.0	27
2	1000.0	5
2	1000.0	29
2	1000.0	29
2	1000.0	29
1	642.9250000000005	12
2	1000.0	29
2	1000.0	27
2	1000.0	5
2	1000.0	27
2	1000.0	16
2	1000.0	5
1	646.375	29
1	647.524999999999	36
2	1000.0	36
2	1000.0	27
2	1000.0	27
2	1000.0	27
2	1000.0	36
2	1000.0	29
2	1000.0	29
2	1000.0	36
2	1000.0	16
2	1000.0	27
2	1000.0	5
2	1000.0	27
2	1000.0	5
1	637.1750000000005	36
2	1000.0	29
1	637.1750000000005	27
2	1000.0	29
2	1000.0	29
2	1000.0	5
2	1000.0	29
2	1000.0	5
2	1000.0	5

24
111
2	1000.0	27
2	1000.0	5
2	1000.0	29
2	1000.0	29
2	1000.0	29
1	627.4000000000005	12
2	1000.0	29
2	1000.0	27
2	1000.0	5
2	1000.0	27
2	1000.0	16
2	1000.0	5
1	631.0	29
1	632.1999999999989	36
2	1000.0	36
2	1000.0	27
2	1000.0	27
2	1000.0	27
2	1000.0	36
2	1000.0	29
2	1000.0	29
2	1000.0	36
2	1000.0	16
2	1000.0	27
2	1000.0	5
2	1000.0	27
2	1000.0	5
1	621.4000000000005	36
2	1000.0	29
1	621.4000000000005	27
2	1000.0	29
2	1000.0	29
2	1000.0	5
2	1000.0	29
2	1000.0	5
2	1000.0	5

25
111
2	1000.0	27
2	1000.0	5
2	1000.0	29
2	1000.0	29
2	1000.0	29
1	611.8750000000006	12
2	1000.0	29
2	1000.0	27
2	1000.0	5
2	1000.0	27
2	1000.0	16
2	1000.0	5
1	615.625	29
1	616.8749999999989	36
2	1000.0	36
2	1000.0	27
2	1000.0	27
2	1000.0	27
2	1000.0	36
2	1000.0	29
2	1000.0	29
2	1000.0	36
2	1000.0	16
2	1000.0	27
2	1000.0	5
2	1000.0	27
2	1000.0	5
1	605.6250000000006	36
2	1000.0	29
1	605.6250000000006	27
2	1000.0	29
2	1000.0	29
2	1000.0	5
2	1000.0	29
2	1000.0	5
2	1000.0	5

26
111
2	1000.0	27
2	1000.0	5
2	1000.0	29
2	1000.0	29
2	1000.0	29
1	596.3500000000006	12
2	1000.0	29
2	1000.0	27
2	1000.0	5
2	1000.0	27
2	1000.0	16
2	1000.0	5
1	600.25	29
1	601.5499999999988	36
2	1000.0	36
2	1000.0	27
2	1000.0	27
2	1000.0	27
2	1000.0	36
2	1000.0	29
2	1000.0	29
2	1000.0	36
2	1000.0	16
2	1000.0	27
2	1000.0	5
2	1000.0	27
2	1000.0	5
1	589.8500000000006	36
2	1000.0	29
1	589.8500000000006	27
2	1000.0	29
2	1000.0	29
2	1000.0	5
2	1000.0	29
2	1000.0	5
2	1000.0	5

27
111
2	1000.0	27
2	1000.0	5
2	1000.0	29
2	1000.0	29
2	1000.0	29
1	580.8250000000006	12
2	1000.0	29
2	1000.0	27
2	1000.0	5
2	1000.0	27
2	1000.0	16
2	1000.0	5
1	584.875	29
1	586.2249999999988	36
2	1000.0	36
2	1000.0	27
2	1000.0	27
2	1000.0	27
2	1000.0	36
2	1000.0	29
2	1000.0	29
2	1000.0	36
2	1000.0	16
2	1000.0	27
2	1000.0	5
2	1000.0	27
2	1000.0	5
1	574.0750000000006	36
2	1000.0	29
1	574.0750000000006	27
2	1000.0	29
2	1000.0	29
2	1000.0	5
2	1000.0	29
2	1000.0	5
2	1000.0	5

28
111
2	1000.0	27
2	1000.0	5
2	1000.0	29
2	1000.0	29
2	1000.0	29
1	565.3000000000006	12
2	1000.0	29
2	1000.0	27
2	1000.0	5
2	1000.0	27
2	1000.0	16
2	1000.0	5
1	569.5	29
1	570.8999999999987	36
2	1000.0	36
2	1000.0	27
2	1000.0	27
2	1000.0	27
2	1000.0	36
2	1000.0	29
2	1000.0	29
2	1000.0	36
2	1000.0	16
2	1000.0	27
2	1000.0	5
2	1000.0	27
2	1000.0	5
1	558.3000000000006	36
2	1000.0	29
1	558.3000000000006	27
2	1000.0	29
2	1000.0	29
2	1000.0	5
2	1000.0	29
2	1000.0	5
2	1000.0	5

29
111
2	1000.0	27
2	1000.0	5
2	1000.0	29
2	1000.0	29
2	1000.0	29
1	549.7750000000007	12
2	1000.0	29
2	1000.0	27
2	1000.0	5
2	1000.0	27
2	1000.0	16
2	1000.0	5
1	554.125	29
1	555.5749999999987	36
2	1000.0	36
2	1000.0	27
2	1000.0	27
2	1000.0	27
2	1000.0	36
2	1000.0	29
2	1000.0	29
2	1000.0	36
2	1000.0	16
2	1000.0	27
2	1000.0	5
2	1000.0	27
2	1000.0	5
1	542.5250000000007	36
2	1000.0	29
1	542.5250000000007	27
2	1000.0	29
2	1000.0	29
2	1000.0	5
2	1000.0	29
2	1000.0	5
2	1000.0	5

30
111
2	1000.0	27
2	1000.0	5
2	1000.0	29
2	1000.0	29
2	1000.0	29
1	534.2500000000007	12
2	1000.0	29
2	1000.0	27
2	1000.0	5
2	1000.0	27
2	1000.0	16
2	1000.0	5
1	538.75	29
1	540.2499999999986	36
2	1000.0	36
2	1000.0	27
2	1000.0	27
2	1000.0	27
2	1000.0	36
2	1000.0	29
2	1000.0	29
2	1000.0	36
2	1000.0	16
2	1000.0	27
2	1000.0	5
2	1000.0	27
2	1000.0	5
1	526.7500000000007	36
2	1000.0	29
1	526.7500000000007	27
2	1000.0	29
2	1000.0	29
2	1000.0	5
2	1000.0	29
2	1000.0	5
2	1000.0	5

31
111
2	1000.0	27
2	1000.0	5
2	1000.0	29
2	1000.0	29
2	1000.0	29
1	518.7250000000007	12
2	1000.0	29
2	1000.0	27
2	1000.0	5
2	1000.0	27
2	1000.0	16
2	1000.0	5
1	523.375	29
1	524.9249999999986	36
2	1000.0	36
2	1000.0	27
2	1000.0	27
2	1000.0	27
2	1000.0	36
2	1000.0	29
2	1000.0	29
2	1000.0	36
2	1000.0	16
2	1000.0	27
2	1000.0	5
2	1000.0	27
2	1000.0	5
1	510.9750000000007	36
2	1000.0	29
1	510.9750000000007	27
2	1000.0	29
2	1000.0	29
2	1000.0	5
2	1000.0	29
2	1000.0	5
2	1000.0	5

32
111
2	1000.0	27
2	1000.0	5
2	1000.0	29
2	1000.0	29
2	1000.0	29
1	503.2000000000007	12
2	1000.0	29
2	1000.0	27
2	1000.0	5
2	1000.0	27
2	1000.0	16
2	1000.0	5
1	508.0	29
1	509.5999999999986	36
2	1000.0	36
2	1000.0	27
2	1000.0	27
2	1000.0	27
2	1000.0	36
2	1000.0	29
2	1000.0	29
2	1000.0	36
2	1000.0	16
2	1000.0	27
2	1000.0	5
2	1000.0	27
2	1000.0	5
1	495.2000000000007	36
2	1000.0	29
1	495.2000000000007	27
2	1000.0	29
2	1000.0	29
2	1000.0	5
2	1000.0	29
2	1000.0	5
2	1000.0	5

33
111
2	1000.0	27
2	1000.0	5
2	1000.0	29
2	1000.0	29
2	1000.0	29
1	487.67500000000075	12
2	1000.0	29
2	1000.0	27
2	1000.0	5
2	1000.0	27
2	1000.0	16
2	1000.0	5
1	492.625	29
1	494.2749999999986	36
2	1000.0	36
2	1000.0	27
2	1000.0	27
2	1000.0	27
2	1000.0	36
2	1000.0	29
2	1000.0	29
2	1000.0	36
2	1000.0	16
2	1000.0	27
2	1000.0	5
2	1000.0	27
2	1000.0	5
1	479.42500000000075	36
2	1000.0	29
1	479.42500000000075	27
2	1000.0	29
2	1000.0	29
2	1000.0	5
2	1000.0	29
2	1000.0	5
2	1000.0	5

34
111
2	1000.0	27
2	1000.0	5
2	1000.0	29
2	1000.0	29
2	1000.0	29
1	472.1500000000008	12
2	1000.0	29
2	1000.0	27
2	1000.0	5
2	1000.0	27
2	1000.0	16
2	1000.0	5
1	477.25	29
1	478.9499999999986	36
2	1000.0	36
2	1000.0	27
2	1000.0	27
2	1000.0	27
2	1000.0	36
2	1000.0	29
2	1000.0	29
2	1000.0	36
2	1000.0	16
2	1000.0	27
2	1000.0	5
2	1000.0	27
2	1000.0	5
1	463.6500000000008	36
2	1000.0	29
1	463.6500000000008	27
2	1000.0	29
2	1000.0	29
2	1000.0	5
2	1000.0	29
2	1000.0	5
2	1000.0	5

35
111
2	1000.0	27
2	1000.0	5
2	1000.0	29
2	1000.0	29
2	1000.0	29
1	456.6250000000008	12
2	1000.0	29
2	1000.0	27
2	1000.0	5
2	1000.0	27
2	1000.0	16
2	1000.0	5
1	461.875	29
1	463.62499999999864	36
2	1000.0	36
2	1000.0	27
2	1000.0	27
2	1000.0	27
2	1000.0	36
2	1000.0	29
2	1000.0	29
2	1000.0	36
2	1000.0	16
2	1000.0	27
2	1000.0	5
2	1000.0	27
2	1000.0	5
1	447.8750000000008	36
2	1000.0	29
1	447.8750000000008	27
2	1000.0	29
2	1000.0	29
2	1000.0	5
2	1000.0	29
2	1000.0	5
2	1000.0	5

36
111
2	1000.0	27
2	1000.0	5
2	1000.0	29
2	1000.0	29
2	1000.0	29
1	441.1000000000008	12
2	1000.0	29
2	1000.0	27
2	1000.0	5
2	1000.0	27
2	1000.0	16
2	1000.0	5
1	446.5	29
1	448.29999999999865	36
2	1000.0	36
2	1000.0	27
2	1000.0	27
2	1000.0	27
2	1000.0	36
2	1000.0	29
2	1000.0	29
2	1000.0	36
2	1000.0	16
2	1000.0	27
2	1000.0	5
2	1000.0	27
2	1000.0	5
1	432.1000000000008	36
2	1000.0	29
1	432.1000000000008	27
2	1000.0	29
2	1000.0	29
2	1000.0	5
2	1000.0	29
2	1000.0	5
2	1000.0	5

37
111
2	1000.0	27
2	1000.0	5
2	1000.0	29
2	1000.0	29
2	1000.0	29
1	425.57500000000084	12
2	1000.0	29
2	1000.0	27
2	1000.0	5
2	1000.0	27
2	1000.0	16
2	1000.0	5
1	431.125	29
1	432.97499999999866	36
2	1000.0	36
2	1000.0	27
2	1000.0	27
2	1000.0	27
2	1000.0	36
2	1000.0	29
2	1000.0	29
2	1000.0	36
2	1000.0	16
2	1000.0	27
2	1000.0	5
2	1000.0	27
2	1000.0	5
1	416.32500000000084	36
2	1000.0	29
1	416.32500000000084	27
2	1000.0	29
2	1000.0	29
2	1000.0	5
2	1000.0	29
2	1000.0	5
2	1000.0	5

38
111
2	1000.0	27
2	1000.0	5
2	1000.0	29
2	1000.0	29
2	1000.0	29
1	410.05000000000086	12
2	1000.0	29
2	1000.0	27
2	1000.0	5
2	1000.0	27
2	1000.0	16
2	1000.0	5
1	415.75	29
1	417.64999999999867	36
2	1000.0	36
2	1000.0	27
2	1000.0	27
2	1000.0	27
2	1000.0	36
2	1000.0	29
2	1000.0	29
2	1000.0	36
2	1000.0	16
2	1000.0	27
2	1000.0	5
2	1000.0	27
2	1000.0	5
1	400.55000000000086	36
2	1000.0	29
1	400.55000000000086	27
2	1000.0	29
2	1000.0	29
2	1000.0	5
2	1000.0	29
2	1000.0	5
2	1000.0	5

39
111
2	1000.0	27
2	1000.0	5
2	1000.0	29
2	1000.0	29
2	1000.0	29
1	394.5250000000009	12
2	1000.0	29
2	1000.0	27
2	1000.0	5
2	1000.0	27
2	1000.0	16
2	1000.0	5
1	400.375	29
1	402.3249999999987	36
2	1000.0	36
2	1000.0	27
2	1000.0	27
2	1000.0	27
2	1000.0	36
2	1000.0	29
2	1000.0	29
2	1000.0	36
2	1000.0	16
2	1000.0	27
2	1000.0	5
2	1000.0	27
2	1000.0	5
1	384.7750000000009	36
2	1000.0	29
1	384.7750000000009	27
2	1000.0	29
2	1000.0	29
2	1000.0	5
2	1000.0	29
2	1000.0	5
2	1000.0	5

40
111
2	1000.0	27
2	1000.0	5
2	1000.0	29
2	1000.0	29
2	1000.0	29
1	379.0000000000009	12
2	1000.0	29
2	1000.0	27
2	1000.0	5
2	1000.0	27
2	1000.0	16
2	1000.0	5
1	385.0	29
1	386.9999999999987	36
2	1000.0	36
2	1000.0	27
2	1000.0	27
2	1000.0	27
2	1000.0	36
2	1000.0	29
2	1000.0	29
2	1000.0	36
2	1000.0	16
2	1000.0	27
2	1000.0	5
2	1000.0	27
2	1000.0	5
1	369.0000000000009	36
2	1000.0	29
1	369.0000000000009	27
2	1000.0	29
2	1000.0	29
2	1000.0	5
2	1000.0	29
2	1000.0	5
2	1000.0	5

41
111
2	1000.0	27
2	1000.0	5
2	1000.0	29
2	1000.0	29
2	1000.0	29
1	363.47500000000093	12
2	1000.0	29
2	1000.0	27
2	1000.0	5
2	1000.0	27
2	1000.0	16
2	1000.0	5
1	369.625	29
1	371.6749999999987	36
2	1000.0	36
2	1000.0	27
2	1000.0	27
2	1000.0	27
2	1000.0	36
2	1000.0	29
2	1000.0	29
2	1000.0	36
2	1000.0	16
2	1000.0	27
2	1000.0	5
2	1000.0	27
2	1000.0	5
1	353.22500000000093	36
2	1000.0	29
1	353.22500000000093	27
2	1000.0	29
2	1000.0	29
2	1000.0	5
2	1000.0	29
2	1000.0	5
2	1000.0	5

42
111
2	1000.0	27
2	1000.0	5
2	1000.0	29
2	1000.0	29
2	1000.0	29
1	347.95000000000095	12
2	1000.0	29
2	1000.0	27
2	1000.0	5
2	1000.0	27
2	1000.0	16
2	1000.0	5
1	354.25	29
1	356.3499999999987	36
2	1000.0	36
2	1000.0	27
2	1000.0	27
2	1000.0	27
2	1000.0	36
2	1000.0	29
2	1000.0	29
2	1000.0	36
2	1000.0	16
2	1000.0	27
2	1000.0	5
2	1000.0	27
2	1000.0	5
1	337.45000000000095	36
2	1000.0	29
1	337.45000000000095	27
2	1000.0	29
2	1000.0	29
2	1000.0	5
2	1000.0	29
2	1000.0	5
2	1000.0	5

43
111
2	1000.0	27
2	1000.0	5
2	1000.0	29
2	1000.0	29
2	1000.0	29
1	332.425000000001	12
2	1000.0	29
2	1000.0	27
2	1000.0	5
2	1000.0	27
2	1000.0	16
2	1000.0	5
1	338.875	29
1	341.0249999999987	36
2	1000.0	36
2	1000.0	27
2	1000.0	27
2	1000.0	27
2	1000.0	36
2	1000.0	29
2	1000.0	29
2	1000.0	36
2	1000.0	16
2	1000.0	27
2	1000.0	5
2	1000.0	27
2	1000.0	5
1	321.675000000001	36
2	1000.0	29
1	321.675000000001	27
2	1000.0	29
2	1000.0	29
2	1000.0	5
2	1000.0	29
2	1000.0	5
2	1000.0	5

44
111
2	1000.0	27
2	1000.0	5
2	1000.0	29
2	1000.0	29
2	1000.0	29
1	316.900000000001	12
2	1000.0	29
2	1000.0	27
2	1000.0	5
2	1000.0	27
2	1000.0	16
2	1000.0	5
1	323.5	29
1	325.69999999999874	36
2	1000.0	36
2	1000.0	27
2	1000.0	27
2	1000.0	27
2	1000.0	36
2	1000.0	29
2	1000.0	29
2	1000.0	36
2	1000.0	16
2	1000.0	27
2	1000.0	5
2	1000.0	27
2	1000.0	5
1	305.900000000001	36
2	1000.0	29
1	305.900000000001	27
2	1000.0	29
2	1000.0	29
2	1000.0	5
2	1000.0	29
2	1000.0	5
2	1000.0	5

45
111
2	1000.0	27
2	1000.0	5
2	1000.0	29
2	1000.0	29
2	1000.0	29
1	301.375000000001	12
2	1000.0	29
2	1000.0	27
2	1000.0	5
2	1000.0	27
2	1000.0	16
2	1000.0	5
1	308.125	29
1	310.37499999999875	36
2	1000.0	36
2	1000.0	27
2	1000.0	27
2	1000.0	27
2	1000.0	36
2	1000.0	29
2	1000.0	29
2	1000.0	36
2	1000.0	16
2	1000.0	27
2	1000.0	5
2	1000.0	27
2	1000.0	5
1	290.125000000001	36
2	1000.0	29
1	290.125000000001	27
2	1000.0	29
2	1000.0	29
2	1000.0	5
2	1000.0	29
2	1000.0	5
2	1000.0	5

46
111
2	1000.0	27
2	1000.0	5
2	1000.0	29
2	1000.0	29
2	1000.0	29
1	285.85000000000105	12
2	1000.0	29
2	1000.0	27
2	1000.0	5
2	1000.0	27
2	1000.0	16
2	1000.0	5
1	292.75	29
1	295.04999999999876	36
2	1000.0	36
2	1000.0	27
2	1000.0	27
2	1000.0	27
2	1000.0	36
2	1000.0	29
2	1000.0	29
2	1000.0	36
2	1000.0	16
2	1000.0	27
2	1000.0	5
2	1000.0	27
2	1000.0	5
1	274.35000000000105	36
2	1000.0	29
1	274.35000000000105	27
2	1000.0	29
2	1000.0	29
2	1000.0	5
2	1000.0	29
2	1000.0	5
2	1000.0	5

47
111
2	1000.0	27
2	1000.0	5
2	1000.0	29
2	1000.0	29
2	1000.0	29
1	270.32500000000107	12
2	1000.0	29
2	1000.0	27
2	1000.0	5
2	1000.0	27
2	1000.0	16
2	1000.0	5
1	277.375	29
1	279.7249999999988	36
2	1000.0	36
2	1000.0	27
2	1000.0	27
2	1000.0	27
2	1000.0	36
2	1000.0	29
2	1000.0	29
2	1000.0	36
2	1000.0	16
2	1000.0	27
2	1000.0	5
2	1000.0	27
2	1000.0	5
1	258.57500000000107	36
2	1000.0	29
1	258.57500000000107	27
2	1000.0	29
2	1000.0	29
2	1000.0	5
2	1000.0	29
2	1000.0	5
2	1000.0	5

48
111
2	1000.0	27
2	1000.0	5
2	1000.0	29
2	1000.0	29
2	1000.0	29
1	254.80000000000106	12
2	1000.0	29
2	1000.0	27
2	1000.0	5
2	1000.0	27
2	1000.0	16
2	1000.0	5
1	262.0	29
1	264.3999999999988	36
2	1000.0	36
2	1000.0	27
2	1000.0	27
2	1000.0	27
2	1000.0	36
2	1000.0	29
2	1000.0	29
2	1000.0	36
2	1000.0	16
2	1000.0	27
2	1000.0	5
2	1000.0	27
2	1000.0	5
1	242.80000000000106	36
2	1000.0	29
1	242.80000000000106	27
2	1000.0	29
2	1000.0	29
2	1000.0	5
2	1000.0	29
2	1000.0	5
2	1000.0	5

49
111
2	1000.0	27
2	1000.0	5
2	1000.0	29
2	1000.0	29
2	1000.0	29
1	239.27500000000106	12
2	1000.0	29
2	1000.0	27
2	1000.0	5
2	1000.0	27
2	1000.0	16
2	1000.0	5
1	246.625	29
1	249.0749999999988	36
2	1000.0	36
2	1000.0	27
2	1000.0	27
2	1000.0	27
2	1000.0	36
2	1000.0	29
2	1000.0	29
2	1000.0	36
2	1000.0	16
2	1000.0	27
2	1000.0	5
2	1000.0	27
2	1000.0	5
1	227.02500000000106	36
2	1000.0	29
1	227.02500000000106	27
2	1000.0	29
2	1000.0	29
2	1000.0	5
2	1000.0	29
2	1000.0	5
2	1000.0	5

50
111
2	1000.0	27
2	1000.0	5
2	1000.0	29
2	1000.0	29
2	1000.0	29
1	223.75000000000105	12
2	1000.0	29
2	1000.0	27
2	1000.0	5
2	1000.0	27
2	1000.0	16
2	1000.0	5
1	231.25	29
1	233.7499999999988	36
2	1000.0	36
2	1000.0	27
2	1000.0	27
2	1000.0	27
2	1000.0	36
2	1000.0	29
2	1000.0	29
2	1000.0	36
2	1000.0	16
2	1000.0	27
2	1000.0	5
2	1000.0	27
2	1000.0	5
1	211.25000000000105	36
2	1000.0	29
1	211.25000000000105	27
2	1000.0	29
2	1000.0	29
2	1000.0	5
2	1000.0	29
2	1000.0	5
2	1000.0	5

51
111
2	1000.0	27
2	1000.0	5
2	1000.0	29
2	1000.0	29
2	1000.0	29
1	208.22500000000105	12
2	1000.0	29
2	1000.0	27
2	1000.0	5
2	1000.0	27
2	1000.0	16
2	1000.0	5
1	215.875	29
1	218.42499999999882	36
2	1000.0	36
2	1000.0	27
2	1000.0	27
2	1000.0	27
2	1000.0	36
2	1000.0	29
2	1000.0	29
2	1000.0	36
2	1000.0	16
2	1000.0	27
2	1000.0	5
2	1000.0	27
2	1000.0	5
1	195.47500000000105	36
2	1000.0	29
1	195.47500000000105	27
2	1000.0	29
2	1000.0	29
2	1000.0	5
2	1000.0	29
2	1000.0	5
2	1000.0	5

52
111
2	1000.0	27
2	1000.0	5
2	1000.0	29
2	1000.0	29
2	1000.0	29
1	192.70000000000104	12
2	1000.0	29
2	1000.0	27
2	1000.0	5
2	1000.0	27
2	1000.0	16
2	1000.0	5
1	200.5	29
1	203.09999999999883	36
2	1000.0	36
2	1000.0	27
2	1000.0	27
2	1000.0	27
2	1000.0	36
2	1000.0	29
2	1000.0	29
2	1000.0	36
2	1000.0	16
2	1000.0	27
2	1000.0	5
2	1000.0	27
2	1000.0	5
1	179.70000000000104	36
2	1000.0	29
1	179.70000000000104	27
2	1000.0	29
2	1000.0	29
2	1000.0	5
2	1000.0	29
2	1000.0	5
2	1000.0	5

53
111
2	1000.0	27
2	1000.0	5
2	1000.0	29
2	1000.0	29
2	1000.0	29
1	177.17500000000103	12
2	1000.0	29
2	1000.0	27
2	1000.0	5
2	1000.0	27
2	1000.0	16
2	1000.0	5
1	185.125	29
1	187.77499999999884	36
2	1000.0	36
2	1000.0	27
2	1000.0	27
2	1000.0	27
2	1000.0	36
2	1000.0	29
2	1000.0	29
2	1000.0	36
2	1000.0	16
2	1000.0	27
2	1000.0	5
2	1000.0	27
2	1000.0	5
1	163.92500000000103	36
2	1000.0	29
1	163.92500000000103	27
2	1000.0	29
2	1000.0	29
2	1000.0	5
2	1000.0	29
2	1000.0	5
2	1000.0	5

54
111
2	1000.0	27
2	1000.0	5
2	1000.0	29
2	1000.0	29
2	1000.0	29
1	161.65000000000103	12
2	1000.0	29
2	1000.0	27
2	1000.0	5
2	1000.0	27
2	1000.0	16
2	1000.0	5
1	169.75	29
1	172.44999999999885	36
2	1000.0	36
2	1000.0	27
2	1000.0	27
2	1000.0	27
2	1000.0	36
2	1000.0	29
2	1000.0	29
2	1000.0	36
2	1000.0	16
2	1000.0	27
2	1000.0	5
2	1000.0	27
2	1000.0	5
1	148.15000000000103	36
2	1000.0	29
1	148.15000000000103	27
2	1000.0	29
2	1000.0	29
2	1000.0	5
2	1000.0	29
2	1000.0	5
2	1000.0	5

55
111
2	1000.0	27
2	1000.0	5
2	1000.0	29
2	1000.0	29
2	1000.0	29
1	146.12500000000102	12
2	1000.0	29
2	1000.0	27
2	1000.0	5
2	1000.0	27
2	1000.0	16
2	1000.0	5
1	154.375	29
1	157.12499999999886	36
2	1000.0	36
2	1000.0	27
2	1000.0	27
2	1000.0	27
2	1000.0	36
2	1000.0	29
2	1000.0	29
2	1000.0	36
2	1000.0	16
2	1000.0	27
2	1000.0	5
2	1000.0	27
2	1000.0	5
1	132.37500000000102	36
2	1000.0	29
1	132.37500000000102	27
2	1000.0	29
2	1000.0	29
2	1000.0	5
2	1000.0	29
2	1000.0	5
2	1000.0	5

56
111
2	1000.0	27
2	1000.0	5
2	1000.0	29
2	1000.0	29
2	1000.0	29
1	130.60000000000102	12
2	1000.0	29
2	1000.0	27
2	1000.0	5
2	1000.0	27
2	1000.0	16
2	1000.0	5
1	139.0	29
1	141.79999999999887	36
2	1000.0	36
2	1000.0	27
2	1000.0	27
2	1000.0	27
2	1000.0	36
2	1000.0	29
2	1000.0	29
2	1000.0	36
2	1000.0	16
2	1000.0	27
2	1000.0	5
2	1000.0	27
2	1000.0	5
1	116.60000000000102	36
2	1000.0	29
1	116.60000000000102	27
2	1000.0	29
2	1000.0	29
2	1000.0	5
2	1000.0	29
2	1000.0	5
2	1000.0	5

57
111
2	1000.0	27
2	1000.0	5
2	1000.0	29
2	1000.0	29
2	1000.0	29
1	115.07500000000101	12
2	1000.0	29
2	1000.0	27
2	1000.0	5
2	1000.0	27
2	1000.0	16
2	1000.0	5
1	123.625	29
1	126.47499999999887	36
2	1000.0	36
2	1000.0	27
2	1000.0	27
2	1000.0	27
2	1000.0	36
2	1000.0	29
2	1000.0	29
2	1000.0	36
2	1000.0	16
2	1000.0	27
2	1000.0	5
2	1000.0	27
2	1000.0	5
1	100.82500000000101	36
2	1000.0	29
1	100.82500000000101	27
2	1000.0	29
2	1000.0	29
2	1000.0	5
2	1000.0	29
2	1000.0	5
2	1000.0	5

58
97
1	1000.0	13
2	1000.0	7
2	1000.0	13
2	1000.0	12
2	1000.0	12
3	99.550000000001	12
2	1000.0	12
1	1000.0	21
2	1000.0	12
2	1000.0	13
2	1000.0	7
2	1000.0	7
1	108.25	0
1	111.14999999999887	36
2	1000.0	36
2	1000.0	7
2	1000.0	7
2	1000.0	13
2	1000.0	36
2	1000.0	12
2	1000.0	12
1	1000.0	36
2	1000.0	7
2	1000.0	13
2	1000.0	12
2	1000.0	7
2	1000.0	12
3	85.050000000001	36
2	1000.0	12
3	85.050000000001	27
2	1000.0	12
2	1000.0	12
2	1000.0	7
2	1000.0	12
2	1000.0	24
2	1000.0	7

59
101
1	984.475	21
2	1000.0	7
2	1000.0	0
2	1000.0	0
2	1000.0	3
3	99.550000000001	12
2	1000.0	30
1	984.525	21
2	1000.0	30
2	1000.0	7
2	1000.0	7
2	1000.0	30
3	92.725	0
3	95.82499999999887	36
2	1000.0	36
2	1000.0	30
2	1000.0	7
2	1000.0	7
2	1000.0	36
2	1000.0	0
2	1000.0	30
1	984.3	36
2	1000.0	7
2	1000.0	21
2	1000.0	30
2	1000.0	7
2	1000.0	30
3	85.050000000001	36
2	1000.0	30
3	85.050000000001	27
1	1000.0	0
2	1000.0	30
2	1000.0	7
2	1000.0	30
2	1000.0	30
2	1000.0	30

60
101
1	968.825	21
2	1000.0	7
2	1000.0	0
2	1000.0	0
2	1000.0	3
3	99.550000000001	12
2	1000.0	30
1	969.05	21
2	1000.0	30
2	1000.0	7
2	1000.0	7
2	1000.0	30
3	92.725	0
3	95.82499999999887	36
2	1000.0	36
2	1000.0	30
2	1000.0	7
2	1000.0	7
2	1000.0	36
2	1000.0	0
2	1000.0	30
1	968.5999999999999	36
2	1000.0	7
2	1000.0	21
2	1000.0	30
2	1000.0	7
2	1000.0	30
3	85.050000000001	36
2	1000.0	30
3	85.050000000001	27
1	984.3	0
2	1000.0	30
2	1000.0	7
2	1000.0	30
2	1000.0	30
2	1000.0	30

61
101
1	953.1750000000001	21
2	1000.0	7
2	1000.0	0
2	1000.0	0
2	1000.0	3
3	99.550000000001	12
2	1000.0	30
1	953.5749999999999	21
2	1000.0	30
2	1000.0	7
2	1000.0	7
2	1000.0	30
3	92.725	0
3	95.82499999999887	36
2	1000.0	36
2	1000.0	30
2	1000.0	7
2	1000.0	7
2	1000.0	36
2	1000.0	0
2	1000.0	30
1	952.8999999999999	36
2	1000.0	7
2	1000.0	21
2	1000.0	30
2	1000.0	7
2	1000.0	30
3	85.050000000001	36
2	1000.0	30
3	85.050000000001	27
1	968.5999999999999	0
2	1000.0	30
2	1000.0	7
2	1000.0	30
2	1000.0	30
2	1000.0	30

62
101
1	937.5250000000001	21
2	1000.0	7
2	1000.0	0
2	1000.0	0
2	1000.0	3
3	99.550000000001	12
2	1000.0	30
1	938.0999999999999	21
2	1000.0	30
2	1000.0	7
2	1000.0	7
2	1000.0	30
3	92.725	0
3	95.82499999999887	36
2	1000.0	36
2	1000.0	30
2	1000.0	7
2	1000.0	7
2	1000.0	36
2	1000.0	0
2	1000.0	30
1	937.1999999999998	36
2	1000.0	7
2	1000.0	21
2	1000.0	30
2	1000.0	7
2	1000.0	30
3	85.050000000001	36
2	1000.0	30
3	85.050000000001	27
1	952.8999999999999	0
2	1000.0	30
2	1000.0	7
2	1000.0	30
2	1000.0	30
2	1000.0	30

63
101
1	921.8750000000001	21
2	1000.0	7
2	1000.0	0
2	1000.0	0
2	1000.0	3
3	99.550000000001	12
2	1000.0	30
1	922.6249999999999	21
2	1000.0	30
2	1000.0	7
2	1000.0	7
2	1000.0	30
3	92.725	0
3	95.82499999999887	36
2	1000.0	36
2	1000.0	30
2	1000.0	7
2	1000.0	7
2	1000.0	36
2	1000.0	0
2	1000.0	30
1	921.4999999999998	36
2	1000.0	7
2	1000.0	21
2	1000.0	30
2	1000.0	7
2	1000.0	30
3	85.050000000001	36
2	1000.0	30
3	85.050000000001	27
1	937.1999999999998	0
2	1000.0	30
2	1000.0	7
2	1000.0	30
2	1000.0	30
2	1000.0	30

64
101
1	906.2250000000001	21
2	1000.0	7
2	1000.0	0
2	1000.0	0
2	1000.0	3
3	99.550000000001	12
2	1000.0	30
1	907.1499999999999	21
2	1000.0	30
2	1000.0	7
2	1000.0	7
2	1000.0	30
3	92.725	0
3	95.82499999999887	36
2	1000.0	36
2	1000.0	30
2	1000.0	7
2	1000.0	7
2	1000.0	36
2	1000.0	0
2	1000.0	30
1	905.7999999999997	36
2	1000.0	7
2	1000.0	21
2	1000.0	30
2	1000.0	7
2	1000.0	30
3	85.050000000001	36
2	1000.0	30
3	85.050000000001	27
1	921.4999999999998	0
2	1000.0	30
2	1000.0	7
2	1000.0	30
2	1000.0	30
2	1000.0	30

65
101
1	890.5750000000002	21
2	1000.0	7
2	1000.0	0
2	1000.0	0
2	1000.0	3
3	99.550000000001	12
2	1000.0	30
1	891.6749999999998	21
2	1000.0	30
2	1000.0	7
2	1000.0	7
2	1000.0	30
3	92.725	0
3	95.82499999999887	36
2	1000.0	36
2	1000.0	30
2	1000.0	7
2	1000.0	7
2	1000.0	36
2	1000.0	0
2	1000.0	30
1	890.0999999999997	36
2	1000.0	7
2	1000.0	21
2	1000.0	30
2	1000.0	7
2	1000.0	30
3	85.050000000001	36
2	1000.0	30
3	85.050000000001	27
1	905.7999999999997	0
2	1000.0	30
2	1000.0	7
2	1000.0	30
2	1000.0	30
2	1000.0	30

66
101
1	874.9250000000002	21
2	1000.0	7
2	1000.0	0
2	1000.0	0
2	1000.0	3
3	99.550000000001	12
2	1000.0	30
1	876.1999999999998	21
2	1000.0	30
2	1000.0	7
2	1000.0	7
2	1000.0	30
3	92.725	0
3	95.82499999999887	36
2	1000.0	36
2	1000.0	30
2	1000.0	7
2	1000.0	7
2	1000.0	36
2	1000.0	0
2	1000.0	30
1	874.3999999999996	36
2	1000.0	7
2	1000.0	21
2	1000.0	30
2	1000.0	7
2	1000.0	30
3	85.050000000001	36
2	1000.0	30
3	85.050000000001	27
1	890.0999999999997	0
2	1000.0	30
2	1000.0	7
2	1000.0	30
2	1000.0	30
2	1000.0	30

67
101
1	859.2750000000002	21
2	1000.0	7
2	1000.0	0
2	1000.0	0
2	1000.0	3
3	99.550000000001	12
2	1000.0	30
1	860.7249999999998	21
2	1000.0	30
2	1000.0	7
2	1000.0	7
2	1000.0	30
3	92.725	0
3	95.82499999999887	36
2	1000.0	36
2	1000.0	30
2	1000.0	7
2	1000.0	7
2	1000.0	36
2	1000.0	0
2	1000.0	30
1	858.6999999999996	36
2	1000.0	7
2	1000.0	21
2	1000.0	30
2	1000.0	7
2	1000.0	30
3	85.050000000001	36
2	1000.0	30
3	85.050000000001	27
1	874.3999999999996	0
2	1000.0	30
2	1000.0	7
2	1000.0	30
2	1000.0	30
2	1000.0	30

68
101
1	843.6250000000002	21
2	1000.0	7
2	1000.0	0
2	1000.0	0
2	1000.0	3
3	99.550000000001	12
2	1000.0	30
1	845.2499999999998	21
2	1000.0	30
2	1000.0	7
2	1000.0	7
2	1000.0	30
3	92.725	0
3	95.82499999999887	36
2	1000.0	36
2	1000.0	30
2	1000.0	7
2	1000.0	7
2	1000.0	36
2	1000.0	0
2	1000.0	30
1	842.9999999999995	36
2	1000.0	7
2	1000.0	21
2	1000.0	30
2	1000.0	7
2	1000.0	30
3	85.050000000001	36
2	1000.0	30
3	85.050000000001	27
1	858.6999999999996	0
2	1000.0	30
2	1000.0	7
2	1000.0	30
2	1000.0	30
2	1000.0	30

69
101
1	827.9750000000003	21
2	1000.0	7
2	1000.0	0
2	1000.0	0
2	1000.0	3
3	99.550000000001	12
2	1000.0	30
1	829.7749999999997	21
2	1000.0	30
2	1000.0	7
2	1000.0	7
2	1000.0	30
3	92.725	0
3	95.82499999999887	36
2	1000.0	36
2	1000.0	30
2	1000.0	7
2	1000.0	7
2	1000.0	36
2	1000.0	0
2	1000.0	30
1	827.2999999999995	36
2	1000.0	7
2	1000.0	21
2	1000.0	30
2	1000.0	7
2	1000.0	30
3	85.050000000001	36
2	1000.0	30
3	85.050000000001	27
1	842.9999999999995	0
2	1000.0	30
2	1000.0	7
2	1000.0	30
2	1000.0	30
2	1000.0	30

70
101
1	812.3250000000003	21
2	1000.0	7
2	1000.0	0
2	1000.0	0
2	1000.0	3
3	99.550000000001	12
2	1000.0	30
1	814.2999999999997	21
2	1000.0	30
2	1000.0	7
2	1000.0	7
2	1000.0	30
3	92.725	0
3	95.82499999999887	36
2	1000.0	36
2	1000.0	30
2	1000.0	7
2	1000.0	7
2	1000.0	36
2	1000.0	0
2	1000.0	30
1	811.5999999999995	36
2	1000.0	7
2	1000.0	21
2	1000.0	30
2	1000.0	7
2	1000.0	30
3	85.050000000001	36
2	1000.0	30
3	85.050000000001	27
1	827.2999999999995	0
2	1000.0	30
2	1000.0	7
2	1000.0	30
2	1000.0	30
2	1000.0	30

71
101
1	796.6750000000003	21
2	1000.0	7
2	1000.0	0
2	1000.0	0
2	1000.0	3
3	99.550000000001	12
2	1000.0	30
1	798.8249999999997	21
2	1000.0	30
2	1000.0	7
2	1000.0	7
2	1000.0	30
3	92.725	0
3	95.82499999999887	36
2	1000.0	36
2	1000.0	30
2	1000.0	7
2	1000.0	7
2	1000.0	36
2	1000.0	0
2	1000.0	30
1	795.8999999999994	36
2	1000.0	7
2	1000.0	21
2	1000.0	30
2	1000.0	7
2	1000.0	30
3	85.050000000001	36
2	1000.0	30
3	85.050000000001	27
1	811.5999999999995	0
2	1000.0	30
2	1000.0	7
2	1000.0	30
2	1000.0	30
2	1000.0	30

72
101
1	781.0250000000003	21
2	1000.0	7
2	1000.0	0
2	1000.0	0
2	1000.0	3
3	99.550000000001	12
2	1000.0	30
1	783.3499999999997	21
2	1000.0	30
2	1000.0	7
2	1000.0	7
2	1000.0	30
3	92.725	0
3	95.82499999999887	36
2	1000.0	36
2	1000.0	30
2	1000.0	7
2	1000.0	7
2	1000.0	36
2	1000.0	0
2	1000.0	30
1	780.1999999999994	36
2	1000.0	7
2	1000.0	21
2	1000.0	30
2	1000.0	7
2	1000.0	30
3	85.050000000001	36
2	1000.0	30
3	85.050000000001	27
1	795.8999999999994	0
2	1000.0	30
2	1000.0	7
2	1000.0	30
2	1000.0	30
2	1000.0	30

73
101
1	765.3750000000003	21
2	1000.0	7
2	1000.0	0
2	1000.0	0
2	1000.0	3
3	99.550000000001	12
2	1000.0	30
1	767.8749999999997	21
2	1000.0	30
2	1000.0	7
2	1000.0	7
2	1000.0	30
3	92.725	0
3	95.82499999999887	36
2	1000.0	36
2	1000.0	30
2	1000.0	7
2	1000.0	7
2	1000.0	36
2	1000.0	0
2	1000.0	30
1	764.4999999999993	36
2	1000.0	7
2	1000.0	21
2	1000.0	30
2	1000.0	7
2	1000.0	30
3	85.050000000001	36
2	1000.0	30
3	85.050000000001	27
1	780.1999999999994	0
2	1000.0	30
2	1000.0	7
2	1000.0	30
2	1000.0	30
2	1000.0	30

74
101
1	749.7250000000004	21
2	1000.0	7
2	1000.0	0
2	1000.0	0
2	1000.0	3
3	99.550000000001	12
2	1000.0	30
1	752.3999999999996	21
2	1000.0	30
2	1000.0	7
2	1000.0	7
2	1000.0	30
3	92.725	0
3	95.82499999999887	36
2	1000.0	36
2	1000.0	30
2	1000.0	7
2	1000.0	7
2	1000.0	36
2	1000.0	0
2	1000.0	30
1	748.7999999999993	36
2	1000.0	7
2	1000.0	21
2	1000.0	30
2	1000.0	7
2	1000.0	30
3	85.050000000001	36
2	1000.0	30
3	85.050000000001	27
1	764.4999999999993	0
2	1000.0	30
2	1000.0	7
2	1000.0	30
2	1000.0	30
2	1000.0	30

75
101
1	734.0750000000004	21
2	1000.0	7
2	1000.0	0
2	1000.0	0
2	1000.0	3
3	99.550000000001	12
2	1000.0	30
1	736.9249999999996	21
2	1000.0	30
2	1000.0	7
2	1000.0	7
2	1000.0	30
3	92.725	0
3	95.82499999999887	36
2	1000.0	36
2	1000.0	30
2	1000.0	7
2	1000.0	7
2	1000.0	36
2	1000.0	0
2	1000.0	30
1	733.0999999999992	36
2	1000.0	7
2	1000.0	21
2	1000.0	30
2	1000.0	7
2	1000.0	30
3	85.050000000001	36
2	1000.0	30
3	85.050000000001	27
1	748.7999999999993	0
2	1000.0	30
2	1000.0	7
2	1000.0	30
2	1000.0	30
2	1000.0	30

76
101
1	718.4250000000004	21
2	1000.0	7
2	1000.0	0
2	1000.0	0
2	1000.0	3
3	99.550000000001	12
2	1000.0	30
1	721.4499999999996	21
2	1000.0	30
2	1000.0	7
2	1000.0	7
2	1000.0	30
3	92.725	0
3	95.82499999999887	36
2	1000.0	36
2	1000.0	30
2	1000.0	7
2	1000.0	7
2	1000.0	36
2	1000.0	0
2	1000.0	30
1	717.3999999999992	36
2	1000.0	7
2	1000.0	21
2	1000.0	30
2	1000.0	7
2	1000.0	30
3	85.050000000001	36
2	1000.0	30
3	85.050000000001	27
1	733.0999999999992	0
2	1000.0	30
2	1000.0	7
2	1000.0	30
2	1000.0	30
2	1000.0	30

77
101
1	702.7750000000004	21
2	1000.0	7
2	1000.0	0
2	1000.0	0
2	1000.0	3
3	99.550000000001	12
2	1000.0	30
1	705.9749999999996	21
2	1000.0	30
2	1000.0	7
2	1000.0	7
2	1000.0	30
3	92.725	0
3	95.82499999999887	36
2	1000.0	36
2	1000.0	30
2	1000.0	7
2	1000.0	7
2	1000.0	36
2	1000.0	0
2	1000.0	30
1	701.6999999999991	36
2	1000.0	7
2	1000.0	21
2	1000.0	30
2	1000.0	7
2	1000.0	30
3	85.050000000001	36
2	1000.0	30
3	85.050000000001	27
1	717.3999999999992	0
2	1000.0	30
2	1000.0	7
2	1000.0	30
2	1000.0	30
2	1000.0	30

78
101
1	687.1250000000005	21
2	1000.0	7
2	1000.0	0
2	1000.0	0
2	1000.0	3
3	99.550000000001	12
2	1000.0	30
1	690.4999999999995	21
2	1000.0	30
2	1000.0	7
2	1000.0	7
2	1000.0	30
3	92.725	0
3	95.82499999999887	36
2	1000.0	36
2	1000.0	30
2	1000.0	7
2	1000.0	7
2	1000.0	36
2	1000.0	0
2	1000.0	30
1	685.9999999999991	36
2	1000.0	7
2	1000.0	21
2	1000.0	30
2	1000.0	7
2	1000.0	30
3	85.050000000001	36
2	1000.0	30
3	85.050000000001	27
1	701.6999999999991	0
2	1000.0	30
2	1000.0	7
2	1000.0	30
2	1000.0	30
2	1000.0	30

79
101
1	671.4750000000005	21
2	1000.0	7
2	1000.0	0
2	1000.0	0
2	1000.0	3
3	99.550000000001	12
2	1000.0	30
1	675.0249999999995	21
2	1000.0	30
2	1000.0	7
2	1000.0	7
2	1000.0	30
3	92.725	0
3	95.82499999999887	36
2	1000.0	36
2	1000.0	30
2	1000.0	7
2	1000.0	7
2	1000.0	36
2	1000.0	0
2	1000.0	30
1	670.299999999999	36
2	1000.0	7
2	1000.0	21
2	1000.0	30
2	1000.0	7
2	1000.0	30
3	85.050000000001	36
2	1000.0	30
3	85.050000000001	27
1	685.9999999999991	0
2	1000.0	30
2	1000.0	7
2	1000.0	30
2	1000.0	30
2	1000.0	30

80
101
1	655.8250000000005	21
2	1000.0	7
2	1000.0	0
2	1000.0	0
2	1000.0	3
3	99.550000000001	12
2	1000.0	30
1	659.5499999999995	21
2	1000.0	30
2	1000.0	7
2	1000.0	7
2	1000.0	30
3	92.725	0
3	95.82499999999887	36
2	1000.0	36
2	1000.0	30
2	1000.0	7
2	1000.0	7
2	1000.0	36
2	1000.0	0
2	1000.0	30
1	654.599999999999	36
2	1000.0	7
2	1000.0	21
2	1000.0	30
2	1000.0	7
2	1000.0	30
3	85.050000000001	36
2	1000.0	30
3	85.050000000001	27
1	670.299999999999	0
2	1000.0	30
2	1000.0	7
2	1000.0	30
2	1000.0	30
2	1000.0	30

81
101
1	640.1750000000005	21
2	1000.0	7
2	1000.0	0
2	1000.0	0
2	1000.0	3
3	99.550000000001	12
2	1000.0	30
1	644.0749999999995	21
2	1000.0	30
2	1000.0	7
2	1000.0	7
2	1000.0	30
3	92.725	0
3	95.82499999999887	36
2	1000.0	36
2	1000.0	30
2	1000.0	7
2	1000.0	7
2	1000.0	36
2	1000.0	0
2	1000.0	30
1	638.899999999999	36
2	1000.0	7
2	1000.0	21
2	1000.0	30
2	1000.0	7
2	1000.0	30
3	85.050000000001	36
2	1000.0	30
3	85.050000000001	27
1	654.599999999999	0
2	1000.0	30
2	1000.0	7
2	1000.0	30
2	1000.0	30
2	1000.0	30

82
101
1	624.5250000000005	21
2	1000.0	7
2	1000.0	0
2	1000.0	0
2	1000.0	3
3	99.550000000001	12
2	1000.0	30
1	628.5999999999995	21
2	1000.0	30
2	1000.0	7
2	1000.0	7
2	1000.0	30
3	92.725	0
3	95.82499999999887	36
2	1000.0	36
2	1000.0	30
2	1000.0	7
2	1000.0	7
2	1000.0	36
2	1000.0	0
2	1000.0	30
1	623.1999999999989	36
2	1000.0	7
2	1000.0	21
2	1000.0	30
2	1000.0	7
2	1000.0	30
3	85.050000000001	36
2	1000.0	30
3	85.050000000001	27
1	638.899999999999	0
2	1000.0	30
2	1000.0	7
2	1000.0	30
2	1000.0	30
2	1000.0	30

83
101
1	608.8750000000006	21
2	1000.0	7
2	1000.0	0
2	1000.0	0
2	1000.0	3
3	99.550000000001	12
2	1000.0	30
1	613.1249999999994	21
2	1000.0	30
2	1000.0	7
2	1000.0	7
2	1000.0	30
3	92.725	0
3	95.82499999999887	36
2	1000.0	36
2	1000.0	30
2	1000.0	7
2	1000.0	7
2	1000.0	36
2	1000.0	0
2	1000.0	30
1	607.4999999999989	36
2	1000.0	7
2	1000.0	21
2	1000.0	30
2	1000.0	7
2	1000.0	30
3	85.050000000001	36
2	1000.0	30
3	85.050000000001	27
1	623.1999999999989	0
2	1000.0	30
2	1000.0	7
2	1000.0	30
2	1000.0	30
2	1000.0	30

84
101
1	593.2250000000006	21
2	1000.0	7
2	1000.0	0
2	1000.0	0
2	1000.0	3
3	99.550000000001	12
2	1000.0	30
1	597.6499999999994	21
2	1000.0	30
2	1000.0	7
2	1000.0	7
2	1000.0	30
3	92.725	0
3	95.82499999999887	36
2	1000.0	36
2	1000.0	30
2	1000.0	7
2	1000.0	7
2	1000.0	36
2	1000.0	0
2	1000.0	30
1	591.7999999999988	36
2	1000.0	7
2	1000.0	21
2	1000.0	30
2	1000.0	7
2	1000.0	30
3	85.050000000001	36
2	1000.0	30
3	85.050000000001	27
1	607.4999999999989	0
2	1000.0	30
2	1000.0	7
2	1000.0	30
2	1000.0	30
2	1000.0	30

85
101
1	577.5750000000006	21
2	1000.0	7
2	1000.0	0
2	1000.0	0
2	1000.0	3
3	99.550000000001	12
2	1000.0	30
1	582.1749999999994	21
2	1000.0	30
2	1000.0	7
2	1000.0	7
2	1000.0	30
3	92.725	0
3	95.82499999999887	36
2	1000.0	36
2	1000.0	30
2	1000.0	7
2	1000.0	7
2	1000.0	36
2	1000.0	0
2	1000.0	30
1	576.0999999999988	36
2	1000.0	7
2	1000.0	21
2	1000.0	30
2	1000.0	7
2	1000.0	30
3	85.050000000001	36
2	1000.0	30
3	85.050000000001	27
1	591.7999999999988	0
2	1000.0	30
2	1000.0	7
2	1000.0	30
2	1000.0	30
2	1000.0	30

86
101
1	561.9250000000006	21
2	1000.0	7
2	1000.0	0
2	1000.0	0
2	1000.0	3
3	99.550000000001	12
2	1000.0	30
1	566.6999999999994	21
2	1000.0	30
2	1000.0	7
2	1000.0	7
2	1000.0	30
3	92.725	0
3	95.82499999999887	36
2	1000.0	36
2	1000.0	30
2	1000.0	7
2	1000.0	7
2	1000.0	36
2	1000.0	0
2	1000.0	30
1	560.3999999999987	36
2	1000.0	7
2	1000.0	21
2	1000.0	30
2	1000.0	7
2	1000.0	30
3	85.050000000001	36
2	1000.0	30
3	85.050000000001	27
1	576.0999999999988	0
2	1000.0	30
2	1000.0	7
2	1000.0	30
2	1000.0	30
2	1000.0	30

87
101
1	546.2750000000007	21
2	1000.0	7
2	1000.0	0
2	1000.0	0
2	1000.0	3
3	99.550000000001	12
2	1000.0	30
1	551.2249999999993	21
2	1000.0	30
2	1000.0	7
2	1000.0	7
2	1000.0	30
3	92.725	0
3	95.82499999999887	36
2	1000.0	36
2	1000.0	30
2	1000.0	7
2	1000.0	7
2	1000.0	36
2	1000.0	0
2	1000.0	30
1	544.6999999999987	36
2	1000.0	7
2	1000.0	21
2	1000.0	30
2	1000.0	7
2	1000.0	30
3	85.050000000001	36
2	1000.0	30
3	85.050000000001	27
1	560.3999999999987	0
2	1000.0	30
2	1000.0	7
2	1000.0	30
2	1000.0	30
2	1000.0	30

88
101
1	530.6250000000007	21
2	1000.0	7
2	1000.0	0
2	1000.0	0
2	1000.0	3
3	99.550000000001	12
2	1000.0	30
1	535.7499999999993	21
2	1000.0	30
2	1000.0	7
2	1000.0	7
2	1000.0	30
3	92.725	0
3	95.82499999999887	36
2	1000.0	36
2	1000.0	30
2	1000.0	7
2	1000.0	7
2	1000.0	36
2	1000.0	0
2	1000.0	30
1	528.9999999999986	36
2	1000.0	7
2	1000.0	21
2	1000.0	30
2	1000.0	7
2	1000.0	30
3	85.050000000001	36
2	1000.0	30
3	85.050000000001	27
1	544.6999999999987	0
2	1000.0	30
2	1000.0	7
2	1000.0	30
2	1000.0	30
2	1000.0	30

89
101
1	514.9750000000007	21
2	1000.0	7
2	1000.0	0
2	1000.0	0
2	1000.0	3
3	99.550000000001	12
2	1000.0	30
1	520.2749999999993	21
2	1000.0	30
2	1000.0	7
2	1000.0	7
2	1000.0	30
3	92.725	0
3	95.82499999999887	36
2	1000.0	36
2	1000.0	30
2	1000.0	7
2	1000.0	7
2	1000.0	36
2	1000.0	0
2	1000.0	30
1	513.2999999999986	36
2	1000.0	7
2	1000.0	21
2	1000.0	30
2	1000.0	7
2	1000.0	30
3	85.050000000001	36
2	1000.0	30
3	85.050000000001	27
1	528.9999999999986	0
2	1000.0	30
2	1000.0	7
2	1000.0	30
2	1000.0	30
2	1000.0	30

90
101
1	499.3250000000007	21
2	1000.0	7
2	1000.0	0
2	1000.0	0
2	1000.0	3
3	99.550000000001	12
2	1000.0	30
1	504.7999999999993	21
2	1000.0	30
2	1000.0	7
2	1000.0	7
2	1000.0	30
3	92.725	0
3	95.82499999999887	36
2	1000.0	36
2	1000.0	30
2	1000.0	7
2	1000.0	7
2	1000.0	36
2	1000.0	0
2	1000.0	30
1	497.5999999999986	36
2	1000.0	7
2	1000.0	21
2	1000.0	30
2	1000.0	7
2	1000.0	30
3	85.050000000001	36
2	1000.0	30
3	85.050000000001	27
1	513.2999999999986	0
2	1000.0	30
2	1000.0	7
2	1000.0	30
2	1000.0	30
2	1000.0	30

91
101
1	483.67500000000075	21
2	1000.0	7
2	1000.0	0
2	1000.0	0
2	1000.0	3
3	99.550000000001	12
2	1000.0	30
1	489.32499999999925	21
2	1000.0	30
2	1000.0	7
2	1000.0	7
2	1000.0	30
3	92.725	0
3	95.82499999999887	36
2	1000.0	36
2	1000.0	30
2	1000.0	7
2	1000.0	7
2	1000.0	36
2	1000.0	0
2	1000.0	30
1	481.8999999999986	36
2	1000.0	7
2	1000.0	21
2	1000.0	30
2	1000.0	7
2	1000.0	30
3	85.050000000001	36
2	1000.0	30
3	85.050000000001	27
1	497.5999999999986	0
2	1000.0	30
2	1000.0	7
2	1000.0	30
2	1000.0	30
2	1000.0	30

92
101
1	468.0250000000008	21
2	1000.0	7
2	1000.0	0
2	1000.0	0
2	1000.0	3
3	99.550000000001	12
2	1000.0	30
1	473.8499999999992	21
2	1000.0	30
2	1000.0	7
2	1000.0	7
2	1000.0	30
3	92.725	0
3	95.82499999999887	36
2	1000.0	36
2	1000.0	30
2	1000.0	7
2	1000.0	7
2	1000.0	36
2	1000.0	0
2	1000.0	30
1	466.1999999999986	36
2	1000.0	7
2	1000.0	21
2	1000.0	30
2	1000.0	7
2	1000.0	30
3	85.050000000001	36
2	1000.0	30
3	85.050000000001	27
1	481.8999999999986	0
2	1000.0	30
2	1000.0	7
2	1000.0	30
2	1000.0	30
2	1000.0	30

93
101
1	452.3750000000008	21
2	1000.0	7
2	1000.0	0
2	1000.0	0
2	1000.0	3
3	99.550000000001	12
2	1000.0	30
1	458.3749999999992	21
2	1000.0	30
2	1000.0	7
2	1000.0	7
2	1000.0	30
3	92.725	0
3	95.82499999999887	36
2	1000.0	36
2	1000.0	30
2	1000.0	7
2	1000.0	7
2	1000.0	36
2	1000.0	0
2	1000.0	30
1	450.49999999999864	36
2	1000.0	7
2	1000.0	21
2	1000.0	30
2	1000.0	7
2	1000.0	30
3	85.050000000001	36
2	1000.0	30
3	85.050000000001	27
1	466.1999999999986	0
2	1000.0	30
2	1000.0	7
2	1000.0	30
2	1000.0	30
2	1000.0	30

94
101
1	436.7250000000008	21
2	1000.0	7
2	1000.0	0
2	1000.0	0
2	1000.0	3
3	99.550000000001	12
2	1000.0	30
1	442.8999999999992	21
2	1000.0	30
2	1000.0	7
2	1000.0	7
2	1000.0	30
3	92.725	0
3	95.82499999999887	36
2	1000.0	36
2	1000.0	30
2	1000.0	7
2	1000.0	7
2	1000.0	36
2	1000.0	0
2	1000.0	30
1	434.79999999999865	36
2	1000.0	7
2	1000.0	21
2	1000.0	30
2	1000.0	7
2	1000.0	30
3	85.050000000001	36
2	1000.0	30
3	85.050000000001	27
1	450.49999999999864	0
2	1000.0	30
2	1000.0	7
2	1000.0	30
2	1000.0	30
2	1000.0	30

95
101
1	421.07500000000084	21
2	1000.0	7
2	1000.0	0
2	1000.0	0
2	1000.0	3
3	99.550000000001	12
2	1000.0	30
1	427.42499999999916	21
2	1000.0	30
2	1000.0	7
2	1000.0	7
2	1000.0	30
3	92.725	0
3	95.82499999999887	36
2	1000.0	36
2	1000.0	30
2	1000.0	7
2	1000.0	7
2	1000.0	36
2	1000.0	0
2	1000.0	30
1	419.09999999999866	36
2	1000.0	7
2	1000.0	21
2	1000.0	30
2	1000.0	7
2	1000.0	30
3	85.050000000001	36
2	1000.0	30
3	85.050000000001	27
1	434.79999999999865	0
2	1000.0	30
2	1000.0	7
2	1000.0	30
2	1000.0	30
2	1000.0	30

96
101
1	405.42500000000086	21
2	1000.0	7
2	1000.0	0
2	1000.0	0
2	1000.0	3
3	99.550000000001	12
2	1000.0	30
1	411.94999999999914	21
2	1000.0	30
2	1000.0	7
2	1000.0	7
2	1000.0	30
3	92.725	0
3	95.82499999999887	36
2	1000.0	36
2	1000.0	30
2	1000.0	7
2	1000.0	7
2	1000.0	36
2	1000.0	0
2	1000.0	30
1	403.39999999999867	36
2	1000.0	7
2	1000.0	21
2	1000.0	30
2	1000.0	7
2	1000.0	30
3	85.050000000001	36
2	1000.0	30
3	85.050000000001	27
1	419.09999999999866	0
2	1000.0	30
2	1000.0	7
2	1000.0	30
2	1000.0	30
2	1000.0	30

97
101
1	389.7750000000009	21
2	1000.0	7
2	1000.0	0
2	1000.0	0
2	1000.0	3
3	99.550000000001	12
2	1000.0	30
1	396.4749999999991	21
2	1000.0	30
2	1000.0	7
2	1000.0	7
2	1000.0	30
3	92.725	0
3	95.82499999999887	36
2	1000.0	36
2	1000.0	30
2	1000.0	7
2	1000.0	7
2	1000.0	36
2	1000.0	0
2	1000.0	30
1	387.6999999999987	36
2	1000.0	7
2	1000.0	21
2	1000.0	30
2	1000.0	7
2	1000.0	30
3	85.050000000001	36
2	1000.0	30
3	85.050000000001	27
1	403.39999999999867	0
2	1000.0	30
2	1000.0	7
2	1000.0	30
2	1000.0	30
2	1000.0	30

98
101
1	374.1250000000009	21
2	1000.0	7
2	1000.0	0
2	1000.0	0
2	1000.0	3
3	99.550000000001	12
2	1000.0	30
1	380.9999999999991	21
2	1000.0	30
2	1000.0	7
2	1000.0	7
2	1000.0	30
3	92.725	0
3	95.82499999999887	36
2	1000.0	36
2	1000.0	30
2	1000.0	7
2	1000.0	7
2	1000.0	36
2	1000.0	0
2	1000.0	30
1	371.9999999999987	36
2	1000.0	7
2	1000.0	21
2	1000.0	30
2	1000.0	7
2	1000.0	30
3	85.050000000001	36
2	1000.0	30
3	85.050000000001	27
1	387.6999999999987	0
2	1000.0	30
2	1000.0	7
2	1000.0	30
2	1000.0	30
2	1000.0	30

99
101
1	358.47500000000093	21
2	1000.0	7
2	1000.0	0
2	1000.0	0
2	1000.0	3
3	99.550000000001	12
2	1000.0	30
1	365.52499999999907	21
2	1000.0	30
2	1000.0	7
2	1000.0	7
2	1000.0	30
3	92.725	0
3	95.82499999999887	36
2	1000.0	36
2	1000.0	30
2	1000.0	7
2	1000.0	7
2	1000.0	36
2	1000.0	0
2	1000.0	30
1	356.2999999999987	36
2	1000.0	7
2	1000.0	21
2	1000.0	30
2	1000.0	7
2	1000.0	30
3	85.050000000001	36
2	1000.0	30
3	85.050000000001	27
1	371.9999999999987	0
2	1000.0	30
2	1000.0	7
2	1000.0	30
2	1000.0	30
2	1000.0	30

100
101
1	342.82500000000095	21
2	1000.0	7
2	1000.0	0
2	1000.0	0
2	1000.0	3
3	99.550000000001	12
2	1000.0	30
1	350.04999999999905	21
2	1000.0	30
2	1000.0	7
2	1000.0	7
2	1000.0	30
3	92.725	0
3	95.82499999999887	36
2	1000.0	36
2	1000.0	30
2	1000.0	7
2	1000.0	7
2	1000.0	36
2	1000.0	0
2	1000.0	30
1	340.5999999999987	36
2	1000.0	7
2	1000.0	21
2	1000.0	30
2	1000.0	7
2	1000.0	30
3	85.050000000001	36
2	1000.0	30
3	85.050000000001	27
1	356.2999999999987	0
2	1000.0	30
2	1000.0	7
2	1000.0	30
2	1000.0	30
2	1000.0	30

101
101
1	327.175000000001	21
2	1000.0	7
2	1000.0	0
2	1000.0	0
2	1000.0	3
3	99.550000000001	12
2	1000.0	30
1	334.574999999999	21
2	1000.0	30
2	1000.0	7
2	1000.0	7
2	1000.0	30
3	92.725	0
3	95.82499999999887	36
2	1000.0	36
2	1000.0	30
2	1000.0	7
2	1000.0	7
2	1000.0	36
2	1000.0	0
2	1000.0	30
1	324.8999999999987	36
2	1000.0	7
2	1000.0	21
2	1000.0	30
2	1000.0	7
2	1000.0	30
3	85.050000000001	36
2	1000.0	30
3	85.050000000001	27
1	340.5999999999987	0
2	1000.0	30
2	1000.0	7
2	1000.0	30
2	1000.0	30
2	1000.0	30

102
101
1	311.525000000001	21
2	1000.0	7
2	1000.0	0
2	1000.0	0
2	1000.0	3
3	99.550000000001	12
2	1000.0	30
1	319.099999999999	21
2	1000.0	30
2	1000.0	7
2	1000.0	7
2	1000.0	30
3	92.725	0
3	95.82499999999887	36
2	1000.0	36
2	1000.0	30
2	1000.0	7
2	1000.0	7
2	1000.0	36
2	1000.0	0
2	1000.0	30
1	309.19999999999874	36
2	1000.0	7
2	1000.0	21
2	1000.0	30
2	1000.0	7
2	1000.0	30
3	85.050000000001	36
2	1000.0	30
3	85.050000000001	27
1	324.8999999999987	0
2	1000.0	30
2	1000.0	7
2	1000.0	30
2	1000.0	30
2	1000.0	30

103
101
1	295.875000000001	21
2	1000.0	7
2	1000.0	0
2	1000.0	0
2	1000.0	3
3	99.550000000001	12
2	1000.0	30
1	303.624999999999	21
2	1000.0	30
2	1000.0	7
2	1000.0	7
2	1000.0	30
3	92.725	0
3	95.82499999999887	36
2	1000.0	36
2	1000.0	30
2	1000.0	7
2	1000.0	7
2	1000.0	36
2	1000.0	0
2	1000.0	30
1	293.49999999999875	36
2	1000.0	7
2	1000.0	21
2	1000.0	30
2	1000.0	7
2	1000.0	30
3	85.050000000001	36
2	1000.0	30
3	85.050000000001	27
1	309.19999999999874	0
2	1000.0	30
2	1000.0	7
2	1000.0	30
2	1000.0	30
2	1000.0	30

104
101
1	280.22500000000105	21
2	1000.0	7
2	1000.0	0
2	1000.0	0
2	1000.0	3
3	99.550000000001	12
2	1000.0	30
1	288.14999999999895	21
2	1000.0	30
2	1000.0	7
2	1000.0	7
2	1000.0	30
3	92.725	0
3	95.82499999999887	36
2	1000.0	36
2	1000.0	30
2	1000.0	7
2	1000.0	7
2	1000.0	36
2	1000.0	0
2	1000.0	30
1	277.79999999999876	36
2	1000.0	7
2	1000.0	21
2	1000.0	30
2	1000.0	7
2	1000.0	30
3	85.050000000001	36
2	1000.0	30
3	85.050000000001	27
1	293.49999999999875	0
2	1000.0	30
2	1000.0	7
2	1000.0	30
2	1000.0	30
2	1000.0	30

105
101
1	264.57500000000107	21
2	1000.0	7
2	1000.0	0
2	1000.0	0
2	1000.0	3
3	99.550000000001	12
2	1000.0	30
1	272.67499999999893	21
2	1000.0	30
2	1000.0	7
2	1000.0	7
2	1000.0	30
3	92.725	0
3	95.82499999999887	36
2	1000.0	36
2	1000.0	30
2	1000.0	7
2	1000.0	7
2	1000.0	36
2	1000.0	0
2	1000.0	30
1	262.0999999999988	36
2	1000.0	7
2	1000.0	21
2	1000.0	30
2	1000.0	7
2	1000.0	30
3	85.050000000001	36
2	1000.0	30
3	85.050000000001	27
1	277.79999999999876	0
2	1000.0	30
2	1000.0	7
2	1000.0	30
2	1000.0	30
2	1000.0	30

106
101
1	248.92500000000106	21
2	1000.0	7
2	1000.0	0
2	1000.0	0
2	1000.0	3
3	99.550000000001	12
2	1000.0	30
1	257.1999999999989	21
2	1000.0	30
2	1000.0	7
2	1000.0	7
2	1000.0	30
3	92.725	0
3	95.82499999999887	36
2	1000.0	36
2	1000.0	30
2	1000.0	7
2	1000.0	7
2	1000.0	36
2	1000.0	0
2	1000.0	30
1	246.39999999999878	36
2	1000.0	7
2	1000.0	21
2	1000.0	30
2	1000.0	7
2	1000.0	30
3	85.050000000001	36
2	1000.0	30
3	85.050000000001	27
1	262.0999999999988	0
2	1000.0	30
2	1000.0	7
2	1000.0	30
2	1000.0	30
2	1000.0	30

107
101
1	233.27500000000106	21
2	1000.0	7
2	1000.0	0
2	1000.0	0
2	1000.0	3
3	99.550000000001	12
2	1000.0	30
1	241.72499999999891	21
2	1000.0	30
2	1000.0	7
2	1000.0	7
2	1000.0	30
3	92.725	0
3	95.82499999999887	36
2	1000.0	36
2	1000.0	30
2	1000.0	7
2	1000.0	7
2	1000.0	36
2	1000.0	0
2	1000.0	30
1	230.6999999999988	36
2	1000.0	7
2	1000.0	21
2	1000.0	30
2	1000.0	7
2	1000.0	30
3	85.050000000001	36
2	1000.0	30
3	85.050000000001	27
1	246.39999999999878	0
2	1000.0	30
2	1000.0	7
2	1000.0	30
2	1000.0	30
2	1000.0	30

108
101
1	217.62500000000105	21
2	1000.0	7
2	1000.0	0
2	1000.0	0
2	1000.0	3
3	99.550000000001	12
2	1000.0	30
1	226.24999999999892	21
2	1000.0	30
2	1000.0	7
2	1000.0	7
2	1000.0	30
3	92.725	0
3	95.82499999999887	36
2	1000.0	36
2	1000.0	30
2	1000.0	7
2	1000.0	7
2	1000.0	36
2	1000.0	0
2	1000.0	30
1	214.9999999999988	36
2	1000.0	7
2	1000.0	21
2	1000.0	30
2	1000.0	7
2	1000.0	30
3	85.050000000001	36
2	1000.0	30
3	85.050000000001	27
1	230.6999999999988	0
2	1000.0	30
2	1000.0	7
2	1000.0	30
2	1000.0	30
2	1000.0	30

109
101
1	201.97500000000105	21
2	1000.0	7
2	1000.0	0
2	1000.0	0
2	1000.0	3
3	99.550000000001	12
2	1000.0	30
1	210.77499999999893	21
2	1000.0	30
2	1000.0	7
2	1000.0	7
2	1000.0	30
3	92.725	0
3	95.82499999999887	36
2	1000.0	36
2	1000.0	30
2	1000.0	7
2	1000.0	7
2	1000.0	36
2	1000.0	0
2	1000.0	30
1	199.29999999999882	36
2	1000.0	7
2	1000.0	21
2	1000.0	30
2	1000.0	7
2	1000.0	30
3	85.050000000001	36
2	1000.0	30
3	85.050000000001	27
1	214.9999999999988	0
2	1000.0	30
2	1000.0	7
2	1000.0	30
2	1000.0	30
2	1000.0	30

110
101
1	186.32500000000104	21
2	1000.0	7
2	1000.0	0
2	1000.0	0
2	1000.0	3
3	99.550000000001	12
2	1000.0	30
1	195.29999999999893	21
2	1000.0	30
2	1000.0	7
2	1000.0	7
2	1000.0	30
3	92.725	0
3	95.82499999999887	36
2	1000.0	36
2	1000.0	30
2	1000.0	7
2	1000.0	7
2	1000.0	36
2	1000.0	0
2	1000.0	30
1	183.59999999999883	36
2	1000.0	7
2	1000.0	21
2	1000.0	30
2	1000.0	7
2	1000.0	30
3	85.050000000001	36
2	1000.0	30
3	85.050000000001	27
1	199.29999999999882	0
2	1000.0	30
2	1000.0	7
2	1000.0	30
2	1000.0	30
2	1000.0	30

111
101
1	170.67500000000103	21
2	1000.0	7
2	1000.0	0
2	1000.0	0
2	1000.0	3
3	99.550000000001	12
2	1000.0	30
1	179.82499999999894	21
2	1000.0	30
2	1000.0	7
2	1000.0	7
2	1000.0	30
3	92.725	0
3	95.82499999999887	36
2	1000.0	36
2	1000.0	30
2	1000.0	7
2	1000.0	7
2	1000.0	36
2	1000.0	0
2	1000.0	30
1	167.89999999999884	36
2	1000.0	7
2	1000.0	21
2	1000.0	30
2	1000.0	7
2	1000.0	30
3	85.050000000001	36
2	1000.0	30
3	85.050000000001	27
1	183.59999999999883	0
2	1000.0	30
2	1000.0	7
2	1000.0	30
2	1000.0	30
2	1000.0	30

112
101
1	155.02500000000103	21
2	1000.0	7
2	1000.0	0
2	1000.0	0
2	1000.0	3
3	99.550000000001	12
2	1000.0	30
1	164.34999999999894	21
2	1000.0	30
2	1000.0	7
2	1000.0	7
2	1000.0	30
3	92.725	0
3	95.82499999999887	36
2	1000.0	36
2	1000.0	30
2	1000.0	7
2	1000.0	7
2	1000.0	36
2	1000.0	0
2	1000.0	30
1	152.19999999999885	36
2	1000.0	7
2	1000.0	21
2	1000.0	30
2	1000.0	7
2	1000.0	30
3	85.050000000001	36
2	1000.0	30
3	85.050000000001	27
1	167.89999999999884	0
2	1000.0	30
2	1000.0	7
2	1000.0	30
2	1000.0	30
2	1000.0	30

113
101
1	139.37500000000102	21
2	1000.0	7
2	1000.0	0
2	1000.0	0
2	1000.0	3
3	99.550000000001	12
2	1000.0	30
1	148.87499999999895	21
2	1000.0	30
2	1000.0	7
2	1000.0	7
2	1000.0	30
3	92.725	0
3	95.82499999999887	36
2	1000.0	36
2	1000.0	30
2	1000.0	7
2	1000.0	7
2	1000.0	36
2	1000.0	0
2	1000.0	30
1	136.49999999999886	36
2	1000.0	7
2	1000.0	21
2	1000.0	30
2	1000.0	7
2	1000.0	30
3	85.050000000001	36
2	1000.0	30
3	85.050000000001	27
1	152.19999999999885	0
2	1000.0	30
2	1000.0	7
2	1000.0	30
2	1000.0	30
2	1000.0	30

114
101
1	123.72500000000102	21
2	1000.0	7
2	1000.0	0
2	1000.0	0
2	1000.0	3
3	99.550000000001	12
2	1000.0	30
1	133.39999999999895	21
2	1000.0	30
2	1000.0	7
2	1000.0	7
2	1000.0	30
3	92.725	0
3	95.82499999999887	36
2	1000.0	36
2	1000.0	30
2	1000.0	7
2	1000.0	7
2	1000.0	36
2	1000.0	0
2	1000.0	30
1	120.79999999999886	36
2	1000.0	7
2	1000.0	21
2	1000.0	30
2	1000.0	7
2	1000.0	30
3	85.050000000001	36
2	1000.0	30
3	85.050000000001	27
1	136.49999999999886	0
2	1000.0	30
2	1000.0	7
2	1000.0	30
2	1000.0	30
2	1000.0	30

115
101
1	108.07500000000101	21
2	1000.0	7
2	1000.0	0
2	1000.0	0
2	1000.0	3
3	99.550000000001	12
2	1000.0	30
1	117.92499999999896	21
2	1000.0	30
2	1000.0	7
2	1000.0	7
2	1000.0	30
3	92.725	0
3	95.82499999999887	36
2	1000.0	36
2	1000.0	30
2	1000.0	7
2	1000.0	7
2	1000.0	36
2	1000.0	0
2	1000.0	30
1	105.09999999999886	36
2	1000.0	7
2	1000.0	21
2	1000.0	30
2	1000.0	7
2	1000.0	30
3	85.050000000001	36
2	1000.0	30
3	85.050000000001	27
1	120.79999999999886	0
2	1000.0	30
2	1000.0	7
2	1000.0	30
2	1000.0	30
2	1000.0	30

116
114
3	92.425000000001	21
2	1000.0	7
2	1000.0	19
1	1000.0	19
2	1000.0	19
3	99.550000000001	12
2	1000.0	30
1	102.44999999999897	14
2	1000.0	30
2	1000.0	7
2	1000.0	7
2	1000.0	7
3	92.725	0
3	95.82499999999887	36
1	1000.0	36
2	1000.0	7
2	1000.0	7
2	1000.0	7
1	1000.0	36
1	1000.0	18
2	1000.0	19
3	89.39999999999885	36
2	1000.0	7
2	1000.0	7
2	1000.0	30
2	1000.0	7
2	1000.0	30
3	85.050000000001	36
2	1000.0	30
3	85.050000000001	27
1	105.09999999999886	3
2	1000.0	30
2	1000.0	7
2	1000.0	30
2	1000.0	30
2	1000.0	7

117
101
3	92.425000000001	21
2	1000.0	15
2	1000.0	19
1	984.625	19
2	1000.0	3
3	99.550000000001	12
2	1000.0	3
3	86.84999999999897	14
2	1000.0	15
2	1000.0	14
2	1000.0	16
2	1000.0	15
3	92.725	0
3	95.82499999999887	36
1	984.35	36
1	1000.0	14
2	1000.0	14
2	1000.0	14
1	984.35	36
1	984.475	18
2	1000.0	3
3	89.39999999999885	36
2	1000.0	16
2	1000.0	14
2	1000.0	15
2	1000.0	14
2	1000.0	15
3	85.050000000001	36
2	1000.0	3
3	85.050000000001	27
3	89.39999999999885	3
2	1000.0	15
2	1000.0	15
2	1000.0	3
2	1000.0	15
2	1000.0	15

118
101
3	92.425000000001	21
2	1000.0	15
2	1000.0	19
1	969.25	19
2	1000.0	3
3	99.550000000001	12
2	1000.0	3
3	86.84999999999897	14
2	1000.0	15
2	1000.0	14
2	1000.0	16
2	1000.0	15
3	92.725	0
3	95.82499999999887	36
1	968.7	36
1	984.3	14
2	1000.0	14
2	1000.0	14
1	968.7	36
1	968.95	18
2	1000.0	3
3	89.39999999999885	36
2	1000.0	16
2	1000.0	14
2	1000.0	15
2	1000.0	14
2	1000.0	15
3	85.050000000001	36
2	1000.0	3
3	85.050000000001	27
3	89.39999999999885	3
2	1000.0	15
2	1000.0	15
2	1000.0	3
2	1000.0	15
2	1000.0	15

119
101
3	92.425000000001	21
2	1000.0	15
2	1000.0	19
1	953.875	19
2	1000.0	3
3	99.550000000001	12
2	1000.0	3
3	86.84999999999897	14
2	1000.0	15
2	1000.0	14
2	1000.0	16
2	1000.0	15
3	92.725	0
3	95.82499999999887	36
1	953.0500000000001	36
1	968.5999999999999	14
2	1000.0	14
2	1000.0	14
1	953.0500000000001	36
1	953.4250000000001	18
2	1000.0	3
3	89.39999999999885	36
2	1000.0	16
2	1000.0	14
2	1000.0	15
2	1000.0	14
2	1000.0	15
3	85.050000000001	36
2	1000.0	3
3	85.050000000001	27
3	89.39999999999885	3
2	1000.0	15
2	1000.0	15
2	1000.0	3
2	1000.0	15
2	1000.0	15

120
101
3	92.425000000001	21
2	1000.0	15
2	1000.0	19
1	938.5	19
2	1000.0	3
3	99.550000000001	12
2	1000.0	3
3	86.84999999999897	14
2	1000.0	15
2	1000.0	14
2	1000.0	16
2	1000.0	15
3	92.725	0
3	95.82499999999887	36
1	937.4000000000001	36
1	952.8999999999999	14
2	1000.0	14
2	1000.0	14
1	937.4000000000001	36
1	937.9000000000001	18
2	1000.0	3
3	89.39999999999885	36
2	1000.0	16
2	1000.0	14
2	1000.0	15
2	1000.0	14
2	1000.0	15
3	85.050000000001	36
2	1000.0	3
3	85.050000000001	27
3	89.39999999999885	3
2	1000.0	15
2	1000.0	15
2	1000.0	3
2	1000.0	15
2	1000.0	15

121
101
3	92.425000000001	21
2	1000.0	15
2	1000.0	19
1	923.125	19
2	1000.0	3
3	99.550000000001	12
2	1000.0	3
3	86.84999999999897	14
2	1000.0	15
2	1000.0	14
2	1000.0	16
2	1000.0	15
3	92.725	0
3	95.82499999999887	36
1	921.7500000000001	36
1	937.1999999999998	14
2	1000.0	14
2	1000.0	14
1	921.7500000000001	36
1	922.3750000000001	18
2	1000.0	3
3	89.39999999999885	36
2	1000.0	16
2	1000.0	14
2	1000.0	15
2	1000.0	14
2	1000.0	15
3	85.050000000001	36
2	1000.0	3
3	85.050000000001	27
3	89.39999999999885	3
2	1000.0	15
2	1000.0	15
2	1000.0	3
2	1000.0	15
2	1000.0	15

122
101
3	92.425000000001	21
2	1000.0	15
2	1000.0	19
1	907.75	19
2	1000.0	3
3	99.550000000001	12
2	1000.0	3
3	86.84999999999897	14
2	1000.0	15
2	1000.0	14
2	1000.0	16
2	1000.0	15
3	92.725	0
3	95.82499999999887	36
1	906.1000000000001	36
1	921.4999999999998	14
2	1000.0	14
2	1000.0	14
1	906.1000000000001	36
1	906.8500000000001	18
2	1000.0	3
3	89.39999999999885	36
2	1000.0	16
2	1000.0	14
2	1000.0	15
2	1000.0	14
2	1000.0	15
3	85.050000000001	36
2	1000.0	3
3	85.050000000001	27
3	89.39999999999885	3
2	1000.0	15
2	1000.0	15
2	1000.0	3
2	1000.0	15
2	1000.0	15

123
101
3	92.425000000001	21
2	1000.0	15
2	1000.0	19
1	892.375	19
2	1000.0	3
3	99.550000000001	12
2	1000.0	3
3	86.84999999999897	14
2	1000.0	15
2	1000.0	14
2	1000.0	16
2	1000.0	15
3	92.725	0
3	95.82499999999887	36
1	890.4500000000002	36
1	905.7999999999997	14
2	1000.0	14
2	1000.0	14
1	890.4500000000002	36
1	891.3250000000002	18
2	1000.0	3
3	89.39999999999885	36
2	1000.0	16
2	1000.0	14
2	1000.0	15
2	1000.0	14
2	1000.0	15
3	85.050000000001	36
2	1000.0	3
3	85.050000000001	27
3	89.39999999999885	3
2	1000.0	15
2	1000.0	15
2	1000.0	3
2	1000.0	15
2	1000.0	15

124
101
3	92.425000000001	21
2	1000.0	15
2	1000.0	19
1	877.0	19
2	1000.0	3
3	99.550000000001	12
2	1000.0	3
3	86.84999999999897	14
2	1000.0	15
2	1000.0	14
2	1000.0	16
2	1000.0	15
3	92.725	0
3	95.82499999999887	36
1	874.8000000000002	36
1	890.0999999999997	14
2	1000.0	14
2	1000.0	14
1	874.8000000000002	36
1	875.8000000000002	18
2	1000.0	3
3	89.39999999999885	36
2	1000.0	16
2	1000.0	14
2	1000.0	15
2	1000.0	14
2	1000.0	15
3	85.050000000001	36
2	1000.0	3
3	85.050000000001	27
3	89.39999999999885	3
2	1000.0	15
2	1000.0	15
2	1000.0	3
2	1000.0	15
2	1000.0	15

125
101
3	92.425000000001	21
2	1000.0	15
2	1000.0	19
1	861.625	19
2	1000.0	3
3	99.550000000001	12
2	1000.0	3
3	86.84999999999897	14
2	1000.0	15
2	1000.0	14
2	1000.0	16
2	1000.0	15
3	92.725	0
3	95.82499999999887	36
1	859.1500000000002	36
1	874.3999999999996	14
2	1000.0	14
2	1000.0	14
1	859.1500000000002	36
1	860.2750000000002	18
2	1000.0	3
3	89.39999999999885	36
2	1000.0	16
2	1000.0	14
2	1000.0	15
2	1000.0	14
2	1000.0	15
3	85.050000000001	36
2	1000.0	3
3	85.050000000001	27
3	89.39999999999885	3
2	1000.0	15
2	1000.0	15
2	1000.0	3
2	1000.0	15
2	1000.0	15

126
101
3	92.425000000001	21
2	1000.0	15
2	1000.0	19
1	846.25	19
2	1000.0	3
3	99.550000000001	12
2	1000.0	3
3	86.84999999999897	14
2	1000.0	15
2	1000.0	14
2	1000.0	16
2	1000.0	15
3	92.725	0
3	95.82499999999887	36
1	843.5000000000002	36
1	858.6999999999996	14
2	1000.0	14
2	1000.0	14
1	843.5000000000002	36
1	844.7500000000002	18
2	1000.0	3
3	89.39999999999885	36
2	1000.0	16
2	1000.0	14
2	1000.0	15
2	1000.0	14
2	1000.0	15
3	85.050000000001	36
2	1000.0	3
3	85.050000000001	27
3	89.39999999999885	3
2	1000.0	15
2	1000.0	15
2	1000.0	3
2	1000.0	15
2	1000.0	15

127
101
3	92.425000000001	21
2	1000.0	15
2	1000.0	19
1	830.875	19
2	1000.0	3
3	99.550000000001	12
2	1000.0	3
3	86.84999999999897	14
2	1000.0	15
2	1000.0	14
2	1000.0	16
2	1000.0	15
3	92.725	0
3	95.82499999999887	36
1	827.8500000000003	36
1	842.9999999999995	14
2	1000.0	14
2	1000.0	14
1	827.8500000000003	36
1	829.2250000000003	18
2	1000.0	3
3	89.39999999999885	36
2	1000.0	16
2	1000.0	14
2	1000.0	15
2	1000.0	14
2	1000.0	15
3	85.050000000001	36
2	1000.0	3
3	85.050000000001	27
3	89.39999999999885	3
2	1000.0	15
2	1000.0	15
2	1000.0	3
2	1000.0	15
2	1000.0	15

128
101
3	92.425000000001	21
2	1000.0	15
2	1000.0	19
1	815.5	19
2	1000.0	3
3	99.550000000001	12
2	1000.0	3
3	86.84999999999897	14
2	1000.0	15
2	1000.0	14
2	1000.0	16
2	1000.0	15
3	92.725	0
3	95.82499999999887	36
1	812.2000000000003	36
1	827.2999999999995	14
2	1000.0	14
2	1000.0	14
1	812.2000000000003	36
1	813.7000000000003	18
2	1000.0	3
3	89.39999999999885	36
2	1000.0	16
2	1000.0	14
2	1000.0	15
2	1000.0	14
2	1000.0	15
3	85.050000000001	36
2	1000.0	3
3	85.050000000001	27
3	89.39999999999885	3
2	1000.0	15
2	1000.0	15
2	1000.0	3
2	1000.0	15
2	1000.0	15

129
101
3	92.425000000001	21
2	1000.0	15
2	1000.0	19
1	800.125	19
2	1000.0	3
3	99.550000000001	12
2	1000.0	3
3	86.84999999999897	14
2	1000.0	15
2	1000.0	14
2	1000.0	16
2	1000.0	15
3	92.725	0
3	95.82499999999887	36
1	796.5500000000003	36
1	811.5999999999995	14
2	1000.0	14
2	1000.0	14
1	796.5500000000003	36
1	798.1750000000003	18
2	1000.0	3
3	89.39999999999885	36
2	1000.0	16
2	1000.0	14
2	1000.0	15
2	1000.0	14
2	1000.0	15
3	85.050000000001	36
2	1000.0	3
3	85.050000000001	27
3	89.39999999999885	3
2	1000.0	15
2	1000.0	15
2	1000.0	3
2	1000.0	15
2	1000.0	15

130
101
3	92.425000000001	21
2	1000.0	15
2	1000.0	19
1	784.75	19
2	1000.0	3
3	99.550000000001	12
2	1000.0	3
3	86.84999999999897	14
2	1000.0	15
2	1000.0	14
2	1000.0	16
2	1000.0	15
3	92.725	0
3	95.82499999999887	36
1	780.9000000000003	36
1	795.8999999999994	14
2	1000.0	14
2	1000.0	14
1	780.9000000000003	36
1	782.6500000000003	18
2	1000.0	3
3	89.39999999999885	36
2	1000.0	16
2	1000.0	14
2	1000.0	15
2	1000.0	14
2	1000.0	15
3	85.050000000001	36
2	1000.0	3
3	85.050000000001	27
3	89.39999999999885	3
2	1000.0	15
2	1000.0	15
2	1000.0	3
2	1000.0	15
2	1000.0	15

131
101
3	92.425000000001	21
2	1000.0	15
2	1000.0	19
1	769.375	19
2	1000.0	3
3	99.550000000001	12
2	1000.0	3
3	86.84999999999897	14
2	1000.0	15
2	1000.0	14
2	1000.0	16
2	1000.0	15
3	92.725	0
3	95.82499999999887	36
1	765.2500000000003	36
1	780.1999999999994	14
2	1000.0	14
2	1000.0	14
1	765.2500000000003	36
1	767.1250000000003	18
2	1000.0	3
3	89.39999999999885	36
2	1000.0	16
2	1000.0	14
2	1000.0	15
2	1000.0	14
2	1000.0	15
3	85.050000000001	36
2	1000.0	3
3	85.050000000001	27
3	89.39999999999885	3
2	1000.0	15
2	1000.0	15
2	1000.0	3
2	1000.0	15
2	1000.0	15

132
101
3	92.425000000001	21
2	1000.0	15
2	1000.0	19
1	754.0	19
2	1000.0	3
3	99.550000000001	12
2	1000.0	3
3	86.84999999999897	14
2	1000.0	15
2	1000.0	14
2	1000.0	16
2	1000.0	15
3	92.725	0
3	95.82499999999887	36
1	749.6000000000004	36
1	764.4999999999993	14
2	1000.0	14
2	1000.0	14
1	749.6000000000004	36
1	751.6000000000004	18
2	1000.0	3
3	89.39999999999885	36
2	1000.0	16
2	1000.0	14
2	1000.0	15
2	1000.0	14
2	1000.0	15
3	85.050000000001	36
2	1000.0	3
3	85.050000000001	27
3	89.39999999999885	3
2	1000.0	15
2	1000.0	15
2	1000.0	3
2	1000.0	15
2	1000.0	15

133
101
3	92.425000000001	21
2	1000.0	15
2	1000.0	19
1	738.625	19
2	1000.0	3
3	99.550000000001	12
2	1000.0	3
3	86.84999999999897	14
2	1000.0	15
2	1000.0	14
2	1000.0	16
2	1000.0	15
3	92.725	0
3	95.82499999999887	36
1	733.9500000000004	36
1	748.7999999999993	14
2	1000.0	14
2	1000.0	14
1	733.9500000000004	36
1	736.0750000000004	18
2	1000.0	3
3	89.39999999999885	36
2	1000.0	16
2	1000.0	14
2	1000.0	15
2	1000.0	14
2	1000.0	15
3	85.050000000001	36
2	1000.0	3
3	85.050000000001	27
3	89.39999999999885	3
2	1000.0	15
2	1000.0	15
2	1000.0	3
2	1000.0	15
2	1000.0	15

134
101
3	92.425000000001	21
2	1000.0	15
2	1000.0	19
1	723.25	19
2	1000.0	3
3	99.550000000001	12
2	1000.0	3
3	86.84999999999897	14
2	1000.0	15
2	1000.0	14
2	1000.0	16
2	1000.0	15
3	92.725	0
3	95.82499999999887	36
1	718.3000000000004	36
1	733.0999999999992	14
2	1000.0	14
2	1000.0	14
1	718.3000000000004	36
1	720.5500000000004	18
2	1000.0	3
3	89.39999999999885	36
2	1000.0	16
2	1000.0	14
2	1000.0	15
2	1000.0	14
2	1000.0	15
3	85.050000000001	36
2	1000.0	3
3	85.050000000001	27
3	89.39999999999885	3
2	1000.0	15
2	1000.0	15
2	1000.0	3
2	1000.0	15
2	1000.0	15

135
101
3	92.425000000001	21
2	1000.0	15
2	1000.0	19
1	707.875	19
2	1000.0	3
3	99.550000000001	12
2	1000.0	3
3	86.84999999999897	14
2	1000.0	15
2	1000.0	14
2	1000.0	16
2	1000.0	15
3	92.725	0
3	95.82499999999887	36
1	702.6500000000004	36
1	717.3999999999992	14
2	1000.0	14
2	1000.0	14
1	702.6500000000004	36
1	705.0250000000004	18
2	1000.0	3
3	89.39999999999885	36
2	1000.0	16
2	1000.0	14
2	1000.0	15
2	1000.0	14
2	1000.0	15
3	85.050000000001	36
2	1000.0	3
3	85.050000000001	27
3	89.39999999999885	3
2	1000.0	15
2	1000.0	15
2	1000.0	3
2	1000.0	15
2	1000.0	15

136
101
3	92.425000000001	21
2	1000.0	15
2	1000.0	19
1	692.5	19
2	1000.0	3
3	99.550000000001	12
2	1000.0	3
3	86.84999999999897	14
2	1000.0	15
2	1000.0	14
2	1000.0	16
2	1000.0	15
3	92.725	0
3	95.82499999999887	36
1	687.0000000000005	36
1	701.6999999999991	14
2	1000.0	14
2	1000.0	14
1	687.0000000000005	36
1	689.5000000000005	18
2	1000.0	3
3	89.39999999999885	36
2	1000.0	16
2	1000.0	14
2	1000.0	15
2	1000.0	14
2	1000.0	15
3	85.050000000001	36
2	1000.0	3
3	85.050000000001	27
3	89.39999999999885	3
2	1000.0	15
2	1000.0	15
2	1000.0	3
2	1000.0	15
2	1000.0	15

137
101
3	92.425000000001	21
2	1000.0	15
2	1000.0	19
1	677.125	19
2	1000.0	3
3	99.550000000001	12
2	1000.0	3
3	86.84999999999897	14
2	1000.0	15
2	1000.0	14
2	1000.0	16
2	1000.0	15
3	92.725	0
3	95.82499999999887	36
1	671.3500000000005	36
1	685.9999999999991	14
2	1000.0	14
2	1000.0	14
1	671.3500000000005	36
1	673.9750000000005	18
2	1000.0	3
3	89.39999999999885	36
2	1000.0	16
2	1000.0	14
2	1000.0	15
2	1000.0	14
2	1000.0	15
3	85.050000000001	36
2	1000.0	3
3	85.050000000001	27
3	89.39999999999885	3
2	1000.0	15
2	1000.0	15
2	1000.0	3
2	1000.0	15
2	1000.0	15

138
101
3	92.425000000001	21
2	1000.0	15
2	1000.0	19
1	661.75	19
2	1000.0	3
3	99.550000000001	12
2	1000.0	3
3	86.84999999999897	14
2	1000.0	15
2	1000.0	14
2	1000.0	16
2	1000.0	15
3	92.725	0
3	95.82499999999887	36
1	655.7000000000005	36
1	670.299999999999	14
2	1000.0	14
2	1000.0	14
1	655.7000000000005	36
1	658.4500000000005	18
2	1000.0	3
3	89.39999999999885	36
2	1000.0	16
2	1000.0	14
2	1000.0	15
2	1000.0	14
2	1000.0	15
3	85.050000000001	36
2	1000.0	3
3	85.050000000001	27
3	89.39999999999885	3
2	1000.0	15
2	1000.0	15
2	1000.0	3
2	1000.0	15
2	1000.0	15

139
101
3	92.425000000001	21
2	1000.0	15
2	1000.0	19
1	646.375	19
2	1000.0	3
3	99.550000000001	12
2	1000.0	3
3	86.84999999999897	14
2	1000.0	15
2	1000.0	14
2	1000.0	16
2	1000.0	15
3	92.725	0
3	95.82499999999887	36
1	640.0500000000005	36
1	654.599999999999	14
2	1000.0	14
2	1000.0	14
1	640.0500000000005	36
1	642.9250000000005	18
2	1000.0	3
3	89.39999999999885	36
2	1000.0	16
2	1000.0	14
2	1000.0	15
2	1000.0	14
2	1000.0	15
3	85.050000000001	36
2	1000.0	3
3	85.050000000001	27
3	89.39999999999885	3
2	1000.0	15
2	1000.0	15
2	1000.0	3
2	1000.0	15
2	1000.0	15

140
101
3	92.425000000001	21
2	1000.0	15
2	1000.0	19
1	631.0	19
2	1000.0	3
3	99.550000000001	12
2	1000.0	3
3	86.84999999999897	14
2	1000.0	15
2	1000.0	14
2	1000.0	16
2	1000.0	15
3	92.725	0
3	95.82499999999887	36
1	624.4000000000005	36
1	638.899999999999	14
2	1000.0	14
2	1000.0	14
1	624.4000000000005	36
1	627.4000000000005	18
2	1000.0	3
3	89.39999999999885	36
2	1000.0	16
2	1000.0	14
2	1000.0	15
2	1000.0	14
2	1000.0	15
3	85.050000000001	36
2	1000.0	3
3	85.050000000001	27
3	89.39999999999885	3
2	1000.0	15
2	1000.0	15
2	1000.0	3
2	1000.0	15
2	1000.0	15

141
101
3	92.425000000001	21
2	1000.0	15
2	1000.0	19
1	615.625	19
2	1000.0	3
3	99.550000000001	12
2	1000.0	3
3	86.84999999999897	14
2	1000.0	15
2	1000.0	14
2	1000.0	16
2	1000.0	15
3	92.725	0
3	95.82499999999887	36
1	608.7500000000006	36
1	623.1999999999989	14
2	1000.0	14
2	1000.0	14
1	608.7500000000006	36
1	611.8750000000006	18
2	1000.0	3
3	89.39999999999885	36
2	1000.0	16
2	1000.0	14
2	1000.0	15
2	1000.0	14
2	1000.0	15
3	85.050000000001	36
2	1000.0	3
3	85.050000000001	27
3	89.39999999999885	3
2	1000.0	15
2	1000.0	15
2	1000.0	3
2	1000.0	15
2	1000.0	15

142
101
3	92.425000000001	21
2	1000.0	15
2	1000.0	19
1	600.25	19
2	1000.0	3
3	99.550000000001	12
2	1000.0	3
3	86.84999999999897	14
2	1000.0	15
2	1000.0	14
2	1000.0	16
2	1000.0	15
3	92.725	0
3	95.82499999999887	36
1	593.1000000000006	36
1	607.4999999999989	14
2	1000.0	14
2	1000.0	14
1	593.1000000000006	36
1	596.3500000000006	18
2	1000.0	3
3	89.39999999999885	36
2	1000.0	16
2	1000.0	14
2	1000.0	15
2	1000.0	14
2	1000.0	15
3	85.050000000001	36
2	1000.0	3
3	85.050000000001	27
3	89.39999999999885	3
2	1000.0	15
2	1000.0	15
2	1000.0	3
2	1000.0	15
2	1000.0	15

143
101
3	92.425000000001	21
2	1000.0	15
2	1000.0	19
1	584.875	19
2	1000.0	3
3	99.550000000001	12
2	1000.0	3
3	86.84999999999897	14
2	1000.0	15
2	1000.0	14
2	1000.0	16
2	1000.0	15
3	92.725	0
3	95.82499999999887	36
1	577.4500000000006	36
1	591.7999999999988	14
2	1000.0	14
2	1000.0	14
1	577.4500000000006	36
1	580.8250000000006	18
2	1000.0	3
3	89.39999999999885	36
2	1000.0	16
2	1000.0	14
2	1000.0	15
2	1000.0	14
2	1000.0	15
3	85.050000000001	36
2	1000.0	3
3	85.050000000001	27
3	89.39999999999885	3
2	1000.0	15
2	1000.0	15
2	1000.0	3
2	1000.0	15
2	1000.0	15

144
101
3	92.425000000001	21
2	1000.0	15
2	1000.0	19
1	569.5	19
2	1000.0	3
3	99.550000000001	12
2	1000.0	3
3	86.84999999999897	14
2	1000.0	15
2	1000.0	14
2	1000.0	16
2	1000.0	15
3	92.725	0
3	95.82499999999887	36
1	561.8000000000006	36
1	576.0999999999988	14
2	1000.0	14
2	1000.0	14
1	561.8000000000006	36
1	565.3000000000006	18
2	1000.0	3
3	89.39999999999885	36
2	1000.0	16
2	1000.0	14
2	1000.0	15
2	1000.0	14
2	1000.0	15
3	85.050000000001	36
2	1000.0	3
3	85.050000000001	27
3	89.39999999999885	3
2	1000.0	15
2	1000.0	15
2	1000.0	3
2	1000.0	15
2	1000.0	15

145
101
3	92.425000000001	21
2	1000.0	15
2	1000.0	19
1	554.125	19
2	1000.0	3
3	99.550000000001	12
2	1000.0	3
3	86.84999999999897	14
2	1000.0	15
2	1000.0	14
2	1000.0	16
2	1000.0	15
3	92.725	0
3	95.82499999999887	36
1	546.1500000000007	36
1	560.3999999999987	14
2	1000.0	14
2	1000.0	14
1	546.1500000000007	36
1	549.7750000000007	18
2	1000.0	3
3	89.39999999999885	36
2	1000.0	16
2	1000.0	14
2	1000.0	15
2	1000.0	14
2	1000.0	15
3	85.050000000001	36
2	1000.0	3
3	85.050000000001	27
3	89.39999999999885	3
2	1000.0	15
2	1000.0	15
2	1000.0	3
2	1000.0	15
2	1000.0	15

146
101
3	92.425000000001	21
2	1000.0	15
2	1000.0	19
1	538.75	19
2	1000.0	3
3	99.550000000001	12
2	1000.0	3
3	86.84999999999897	14
2	1000.0	15
2	1000.0	14
2	1000.0	16
2	1000.0	15
3	92.725	0
3	95.82499999999887	36
1	530.5000000000007	36
1	544.6999999999987	14
2	1000.0	14
2	1000.0	14
1	530.5000000000007	36
1	534.2500000000007	18
2	1000.0	3
3	89.39999999999885	36
2	1000.0	16
2	1000.0	14
2	1000.0	15
2	1000.0	14
2	1000.0	15
3	85.050000000001	36
2	1000.0	3
3	85.050000000001	27
3	89.39999999999885	3
2	1000.0	15
2	1000.0	15
2	1000.0	3
2	1000.0	15
2	1000.0	15

147
101
3	92.425000000001	21
2	1000.0	15
2	1000.0	19
1	523.375	19
2	1000.0	3
3	99.550000000001	12
2	1000.0	3
3	86.84999999999897	14
2	1000.0	15
2	1000.0	14
2	1000.0	16
2	1000.0	15
3	92.725	0
3	95.82499999999887	36
1	514.8500000000007	36
1	528.9999999999986	14
2	1000.0	14
2	1000.0	14
1	514.8500000000007	36
1	518.7250000000007	18
2	1000.0	3
3	89.39999999999885	36
2	1000.0	16
2	1000.0	14
2	1000.0	15
2	1000.0	14
2	1000.0	15
3	85.050000000001	36
2	1000.0	3
3	85.050000000001	27
3	89.39999999999885	3
2	1000.0	15
2	1000.0	15
2	1000.0	3
2	1000.0	15
2	1000.0	15

148
101
3	92.425000000001	21
2	1000.0	15
2	1000.0	19
1	508.0	19
2	1000.0	3
3	99.550000000001	12
2	1000.0	3
3	86.84999999999897	14
2	1000.0	15
2	1000.0	14
2	1000.0	16
2	1000.0	15
3	92.725	0
3	95.82499999999887	36
1	499.2000000000007	36
1	513.2999999999986	14
2	1000.0	14
2	1000.0	14
1	499.2000000000007	36
1	503.2000000000007	18
2	1000.0	3
3	89.39999999999885	36
2	1000.0	16
2	1000.0	14
2	1000.0	15
2	1000.0	14
2	1000.0	15
3	85.050000000001	36
2	1000.0	3
3	85.050000000001	27
3	89.39999999999885	3
2	1000.0	15
2	1000.0	15
2	1000.0	3
2	1000.0	15
2	1000.0	15

149
101
3	92.425000000001	21
2	1000.0	15
2	1000.0	19
1	492.625	19
2	1000.0	3
3	99.550000000001	12
2	1000.0	3
3	86.84999999999897	14
2	1000.0	15
2	1000.0	14
2	1000.0	16
2	1000.0	15
3	92.725	0
3	95.82499999999887	36
1	483.55000000000075	36
1	497.5999999999986	14
2	1000.0	14
2	1000.0	14
1	483.55000000000075	36
1	487.67500000000075	18
2	1000.0	3
3	89.39999999999885	36
2	1000.0	16
2	1000.0	14
2	1000.0	15
2	1000.0	14
2	1000.0	15
3	85.050000000001	36
2	1000.0	3
3	85.050000000001	27
3	89.39999999999885	3
2	1000.0	15
2	1000.0	15
2	1000.0	3
2	1000.0	15
2	1000.0	15

150
101
3	92.425000000001	21
2	1000.0	15
2	1000.0	19
1	477.25	19
2	1000.0	3
3	99.550000000001	12
2	1000.0	3
3	86.84999999999897	14
2	1000.0	15
2	1000.0	14
2	1000.0	16
2	1000.0	15
3	92.725	0
3	95.82499999999887	36
1	467.9000000000008	36
1	481.8999999999986	14
2	1000.0	14
2	1000.0	14
1	467.9000000000008	36
1	472.1500000000008	18
2	1000.0	3
3	89.39999999999885	36
2	1000.0	16
2	1000.0	14
2	1000.0	15
2	1000.0	14
2	1000.0	15
3	85.050000000001	36
2	1000.0	3
3	85.050000000001	27
3	89.39999999999885	3
2	1000.0	15
2	1000.0	15
2	1000.0	3
2	1000.0	15
2	1000.0	15

151
101
3	92.425000000001	21
2	1000.0	15
2	1000.0	19
1	461.875	19
2	1000.0	3
3	99.550000000001	12
2	1000.0	3
3	86.84999999999897	14
2	1000.0	15
2	1000.0	14
2	1000.0	16
2	1000.0	15
3	92.725	0
3	95.82499999999887	36
1	452.2500000000008	36
1	466.1999999999986	14
2	1000.0	14
2	1000.0	14
1	452.2500000000008	36
1	456.6250000000008	18
2	1000.0	3
3	89.39999999999885	36
2	1000.0	16
2	1000.0	14
2	1000.0	15
2	1000.0	14
2	1000.0	15
3	85.050000000001	36
2	1000.0	3
3	85.050000000001	27
3	89.39999999999885	3
2	1000.0	15
2	1000.0	15
2	1000.0	3
2	1000.0	15
2	1000.0	15

152
101
3	92.425000000001	21
2	1000.0	15
2	1000.0	19
1	446.5	19
2	1000.0	3
3	99.550000000001	12
2	1000.0	3
3	86.84999999999897	14
2	1000.0	15
2	1000.0	14
2	1000.0	16
2	1000.0	15
3	92.725	0
3	95.82499999999887	36
1	436.6000000000008	36
1	450.49999999999864	14
2	1000.0	14
2	1000.0	14
1	436.6000000000008	36
1	441.1000000000008	18
2	1000.0	3
3	89.39999999999885	36
2	1000.0	16
2	1000.0	14
2	1000.0	15
2	1000.0	14
2	1000.0	15
3	85.050000000001	36
2	1000.0	3
3	85.050000000001	27
3	89.39999999999885	3
2	1000.0	15
2	1000.0	15
2	1000.0	3
2	1000.0	15
2	1000.0	15

153
101
3	92.425000000001	21
2	1000.0	15
2	1000.0	19
1	431.125	19
2	1000.0	3
3	99.550000000001	12
2	1000.0	3
3	86.84999999999897	14
2	1000.0	15
2	1000.0	14
2	1000.0	16
2	1000.0	15
3	92.725	0
3	95.82499999999887	36
1	420.95000000000084	36
1	434.79999999999865	14
2	1000.0	14
2	1000.0	14
1	420.95000000000084	36
1	425.57500000000084	18
2	1000.0	3
3	89.39999999999885	36
2	1000.0	16
2	1000.0	14
2	1000.0	15
2	1000.0	14
2	1000.0	15
3	85.050000000001	36
2	1000.0	3
3	85.050000000001	27
3	89.39999999999885	3
2	1000.0	15
2	1000.0	15
2	1000.0	3
2	1000.0	15
2	1000.0	15

154
101
3	92.425000000001	21
2	1000.0	15
2	1000.0	19
1	415.75	19
2	1000.0	3
3	99.550000000001	12
2	1000.0	3
3	86.84999999999897	14
2	1000.0	15
2	1000.0	14
2	1000.0	16
2	1000.0	15
3	92.725	0
3	95.82499999999887	36
1	405.30000000000086	36
1	419.09999999999866	14
2	1000.0	14
2	1000.0	14
1	405.30000000000086	36
1	410.05000000000086	18
2	1000.0	3
3	89.39999999999885	36
2	1000.0	16
2	1000.0	14
2	1000.0	15
2	1000.0	14
2	1000.0	15
3	85.050000000001	36
2	1000.0	3
3	85.050000000001	27
3	89.39999999999885	3
2	1000.0	15
2	1000.0	15
2	1000.0	3
2	1000.0	15
2	1000.0	15

155
101
3	92.425000000001	21
2	1000.0	15
2	1000.0	19
1	400.375	19
2	1000.0	3
3	99.550000000001	12
2	1000.0	3
3	86.84999999999897	14
2	1000.0	15
2	1000.0	14
2	1000.0	16
2	1000.0	15
3	92.725	0
3	95.82499999999887	36
1	389.6500000000009	36
1	403.39999999999867	14
2	1000.0	14
2	1000.0	14
1	389.6500000000009	36
1	394.5250000000009	18
2	1000.0	3
3	89.39999999999885	36
2	1000.0	16
2	1000.0	14
2	1000.0	15
2	1000.0	14
2	1000.0	15
3	85.050000000001	36
2	1000.0	3
3	85.050000000001	27
3	89.39999999999885	3
2	1000.0	15
2	1000.0	15
2	1000.0	3
2	1000.0	15
2	1000.0	15

156
101
3	92.425000000001	21
2	1000.0	15
2	1000.0	19
1	385.0	19
2	1000.0	3
3	99.550000000001	12
2	1000.0	3
3	86.84999999999897	14
2	1000.0	15
2	1000.0	14
2	1000.0	16
2	1000.0	15
3	92.725	0
3	95.82499999999887	36
1	374.0000000000009	36
1	387.6999999999987	14
2	1000.0	14
2	1000.0	14
1	374.0000000000009	36
1	379.0000000000009	18
2	1000.0	3
3	89.39999999999885	36
2	1000.0	16
2	1000.0	14
2	1000.0	15
2	1000.0	14
2	1000.0	15
3	85.050000000001	36
2	1000.0	3
3	85.050000000001	27
3	89.39999999999885	3
2	1000.0	15
2	1000.0	15
2	1000.0	3
2	1000.0	15
2	1000.0	15

157
101
3	92.425000000001	21
2	1000.0	15
2	1000.0	19
1	369.625	19
2	1000.0	3
3	99.550000000001	12
2	1000.0	3
3	86.84999999999897	14
2	1000.0	15
2	1000.0	14
2	1000.0	16
2	1000.0	15
3	92.725	0
3	95.82499999999887	36
1	358.35000000000093	36
1	371.9999999999987	14
2	1000.0	14
2	1000.0	14
1	358.35000000000093	36
1	363.47500000000093	18
2	1000.0	3
3	89.39999999999885	36
2	1000.0	16
2	1000.0	14
2	1000.0	15
2	1000.0	14
2	1000.0	15
3	85.050000000001	36
2	1000.0	3
3	85.050000000001	27
3	89.39999999999885	3
2	1000.0	15
2	1000.0	15
2	1000.0	3
2	1000.0	15
2	1000.0	15

158
101
3	92.425000000001	21
2	1000.0	15
2	1000.0	19
1	354.25	19
2	1000.0	3
3	99.550000000001	12
2	1000.0	3
3	86.84999999999897	14
2	1000.0	15
2	1000.0	14
2	1000.0	16
2	1000.0	15
3	92.725	0
3	95.82499999999887	36
1	342.70000000000095	36
1	356.2999999999987	14
2	1000.0	14
2	1000.0	14
1	342.70000000000095	36
1	347.95000000000095	18
2	1000.0	3
3	89.39999999999885	36
2	1000.0	16
2	1000.0	14
2	1000.0	15
2	1000.0	14
2	1000.0	15
3	85.050000000001	36
2	1000.0	3
3	85.050000000001	27
3	89.39999999999885	3
2	1000.0	15
2	1000.0	15
2	1000.0	3
2	1000.0	15
2	1000.0	15

159
101
3	92.425000000001	21
2	1000.0	15
2	1000.0	19
1	338.875	19
2	1000.0	3
3	99.550000000001	12
2	1000.0	3
3	86.84999999999897	14
2	1000.0	15
2	1000.0	14
2	1000.0	16
2	1000.0	15
3	92.725	0
3	95.82499999999887	36
1	327.050000000001	36
1	340.5999999999987	14
2	1000.0	14
2	1000.0	14
1	327.050000000001	36
1	332.425000000001	18
2	1000.0	3
3	89.39999999999885	36
2	1000.0	16
2	1000.0	14
2	1000.0	15
2	1000.0	14
2	1000.0	15
3	85.050000000001	36
2	1000.0	3
3	85.050000000001	27
3	89.39999999999885	3
2	1000.0	15
2	1000.0	15
2	1000.0	3
2	1000.0	15
2	1000.0	15

160
101
3	92.425000000001	21
2	1000.0	15
2	1000.0	19
1	323.5	19
2	1000.0	3
3	99.550000000001	12
2	1000.0	3
3	86.84999999999897	14
2	1000.0	15
2	1000.0	14
2	1000.0	16
2	1000.0	15
3	92.725	0
3	95.82499999999887	36
1	311.400000000001	36
1	324.8999999999987	14
2	1000.0	14
2	1000.0	14
1	311.400000000001	36
1	316.900000000001	18
2	1000.0	3
3	89.39999999999885	36
2	1000.0	16
2	1000.0	14
2	1000.0	15
2	1000.0	14
2	1000.0	15
3	85.050000000001	36
2	1000.0	3
3	85.050000000001	27
3	89.39999999999885	3
2	1000.0	15
2	1000.0	15
2	1000.0	3
2	1000.0	15
2	1000.0	15

161
101
3	92.425000000001	21
2	1000.0	15
2	1000.0	19
1	308.125	19
2	1000.0	3
3	99.550000000001	12
2	1000.0	3
3	86.84999999999897	14
2	1000.0	15
2	1000.0	14
2	1000.0	16
2	1000.0	15
3	92.725	0
3	95.82499999999887	36
1	295.750000000001	36
1	309.19999999999874	14
2	1000.0	14
2	1000.0	14
1	295.750000000001	36
1	301.375000000001	18
2	1000.0	3
3	89.39999999999885	36
2	1000.0	16
2	1000.0	14
2	1000.0	15
2	1000.0	14
2	1000.0	15
3	85.050000000001	36
2	1000.0	3
3	85.050000000001	27
3	89.39999999999885	3
2	1000.0	15
2	1000.0	15
2	1000.0	3
2	1000.0	15
2	1000.0	15

162
101
3	92.425000000001	21
2	1000.0	15
2	1000.0	19
1	292.75	19
2	1000.0	3
3	99.550000000001	12
2	1000.0	3
3	86.84999999999897	14
2	1000.0	15
2	1000.0	14
2	1000.0	16
2	1000.0	15
3	92.725	0
3	95.82499999999887	36
1	280.10000000000105	36
1	293.49999999999875	14
2	1000.0	14
2	1000.0	14
1	280.10000000000105	36
1	285.85000000000105	18
2	1000.0	3
3	89.39999999999885	36
2	1000.0	16
2	1000.0	14
2	1000.0	15
2	1000.0	14
2	1000.0	15
3	85.050000000001	36
2	1000.0	3
3	85.050000000001	27
3	89.39999999999885	3
2	1000.0	15
2	1000.0	15
2	1000.0	3
2	1000.0	15
2	1000.0	15

163
101
3	92.425000000001	21
2	1000.0	15
2	1000.0	19
1	277.375	19
2	1000.0	3
3	99.550000000001	12
2	1000.0	3
3	86.84999999999897	14
2	1000.0	15
2	1000.0	14
2	1000.0	16
2	1000.0	15
3	92.725	0
3	95.82499999999887	36
1	264.45000000000107	36
1	277.79999999999876	14
2	1000.0	14
2	1000.0	14
1	264.45000000000107	36
1	270.32500000000107	18
2	1000.0	3
3	89.39999999999885	36
2	1000.0	16
2	1000.0	14
2	1000.0	15
2	1000.0	14
2	1000.0	15
3	85.050000000001	36
2	1000.0	3
3	85.050000000001	27
3	89.39999999999885	3
2	1000.0	15
2	1000.0	15
2	1000.0	3
2	1000.0	15
2	1000.0	15

164
101
3	92.425000000001	21
2	1000.0	15
2	1000.0	19
1	262.0	19
2	1000.0	3
3	99.550000000001	12
2	1000.0	3
3	86.84999999999897	14
2	1000.0	15
2	1000.0	14
2	1000.0	16
2	1000.0	15
3	92.725	0
3	95.82499999999887	36
1	248.80000000000106	36
1	262.0999999999988	14
2	1000.0	14
2	1000.0	14
1	248.80000000000106	36
1	254.80000000000106	18
2	1000.0	3
3	89.39999999999885	36
2	1000.0	16
2	1000.0	14
2	1000.0	15
2	1000.0	14
2	1000.0	15
3	85.050000000001	36
2	1000.0	3
3	85.050000000001	27
3	89.39999999999885	3
2	1000.0	15
2	1000.0	15
2	1000.0	3
2	1000.0	15
2	1000.0	15

165
101
3	92.425000000001	21
2	1000.0	15
2	1000.0	19
1	246.625	19
2	1000.0	3
3	99.550000000001	12
2	1000.0	3
3	86.84999999999897	14
2	1000.0	15
2	1000.0	14
2	1000.0	16
2	1000.0	15
3	92.725	0
3	95.82499999999887	36
1	233.15000000000106	36
1	246.39999999999878	14
2	1000.0	14
2	1000.0	14
1	233.15000000000106	36
1	239.27500000000106	18
2	1000.0	3
3	89.39999999999885	36
2	1000.0	16
2	1000.0	14
2	1000.0	15
2	1000.0	14
2	1000.0	15
3	85.050000000001	36
2	1000.0	3
3	85.050000000001	27
3	89.39999999999885	3
2	1000.0	15
2	1000.0	15
2	1000.0	3
2	1000.0	15
2	1000.0	15

166
101
3	92.425000000001	21
2	1000.0	15
2	1000.0	19
1	231.25	19
2	1000.0	3
3	99.550000000001	12
2	1000.0	3
3	86.84999999999897	14
2	1000.0	15
2	1000.0	14
2	1000.0	16
2	1000.0	15
3	92.725	0
3	95.82499999999887	36
1	217.50000000000105	36
1	230.6999999999988	14
2	1000.0	14
2	1000.0	14
1	217.50000000000105	36
1	223.75000000000105	18
2	1000.0	3
3	89.39999999999885	36
2	1000.0	16
2	1000.0	14
2	1000.0	15
2	1000.0	14
2	1000.0	15
3	85.050000000001	36
2	1000.0	3
3	85.050000000001	27
3	89.39999999999885	3
2	1000.0	15
2	1000.0	15
2	1000.0	3
2	1000.0	15
2	1000.0	15

167
101
3	92.425000000001	21
2	1000.0	15
2	1000.0	19
1	215.875	19
2	1000.0	3
3	99.550000000001	12
2	1000.0	3
3	86.84999999999897	14
2	1000.0	15
2	1000.0	14
2	1000.0	16
2	1000.0	15
3	92.725	0
3	95.82499999999887	36
1	201.85000000000105	36
1	214.9999999999988	14
2	1000.0	14
2	1000.0	14
1	201.85000000000105	36
1	208.22500000000105	18
2	1000.0	3
3	89.39999999999885	36
2	1000.0	16
2	1000.0	14
2	1000.0	15
2	1000.0	14
2	1000.0	15
3	85.050000000001	36
2	1000.0	3
3	85.050000000001	27
3	89.39999999999885	3
2	1000.0	15
2	1000.0	15
2	1000.0	3
2	1000.0	15
2	1000.0	15

168
101
3	92.425000000001	21
2	1000.0	15
2	1000.0	19
1	200.5	19
2	1000.0	3
3	99.550000000001	12
2	1000.0	3
3	86.84999999999897	14
2	1000.0	15
2	1000.0	14
2	1000.0	16
2	1000.0	15
3	92.725	0
3	95.82499999999887	36
1	186.20000000000104	36
1	199.29999999999882	14
2	1000.0	14
2	1000.0	14
1	186.20000000000104	36
1	192.70000000000104	18
2	1000.0	3
3	89.39999999999885	36
2	1000.0	16
2	1000.0	14
2	1000.0	15
2	1000.0	14
2	1000.0	15
3	85.050000000001	36
2	1000.0	3
3	85.050000000001	27
3	89.39999999999885	3
2	1000.0	15
2	1000.0	15
2	1000.0	3
2	1000.0	15
2	1000.0	15

169
101
3	92.425000000001	21
2	1000.0	15
2	1000.0	19
1	185.125	19
2	1000.0	3
3	99.550000000001	12
2	1000.0	3
3	86.84999999999897	14
2	1000.0	15
2	1000.0	14
2	1000.0	16
2	1000.0	15
3	92.725	0
3	95.82499999999887	36
1	170.55000000000103	36
1	183.59999999999883	14
2	1000.0	14
2	1000.0	14
1	170.55000000000103	36
1	177.17500000000103	18
2	1000.0	3
3	89.39999999999885	36
2	1000.0	16
2	1000.0	14
2	1000.0	15
2	1000.0	14
2	1000.0	15
3	85.050000000001	36
2	1000.0	3
3	85.050000000001	27
3	89.39999999999885	3
2	1000.0	15
2	1000.0	15
2	1000.0	3
2	1000.0	15
2	1000.0	15

170
101
3	92.425000000001	21
2	1000.0	15
2	1000.0	19
1	169.75	19
2	1000.0	3
3	99.550000000001	12
2	1000.0	3
3	86.84999999999897	14
2	1000.0	15
2	1000.0	14
2	1000.0	16
2	1000.0	15
3	92.725	0
3	95.82499999999887	36
1	154.90000000000103	36
1	167.89999999999884	14
2	1000.0	14
2	1000.0	14
1	154.90000000000103	36
1	161.65000000000103	18
2	1000.0	3
3	89.39999999999885	36
2	1000.0	16
2	1000.0	14
2	1000.0	15
2	1000.0	14
2	1000.0	15
3	85.050000000001	36
2	1000.0	3
3	85.050000000001	27
3	89.39999999999885	3
2	1000.0	15
2	1000.0	15
2	1000.0	3
2	1000.0	15
2	1000.0	15

171
101
3	92.425000000001	21
2	1000.0	15
2	1000.0	19
1	154.375	19
2	1000.0	3
3	99.550000000001	12
2	1000.0	3
3	86.84999999999897	14
2	1000.0	15
2	1000.0	14
2	1000.0	16
2	1000.0	15
3	92.725	0
3	95.82499999999887	36
1	139.25000000000102	36
1	152.19999999999885	14
2	1000.0	14
2	1000.0	14
1	139.25000000000102	36
1	146.12500000000102	18
2	1000.0	3
3	89.39999999999885	36
2	1000.0	16
2	1000.0	14
2	1000.0	15
2	1000.0	14
2	1000.0	15
3	85.050000000001	36
2	1000.0	3
3	85.050000000001	27
3	89.39999999999885	3
2	1000.0	15
2	1000.0	15
2	1000.0	3
2	1000.0	15
2	1000.0	15

172
101
3	92.425000000001	21
2	1000.0	15
2	1000.0	19
1	139.0	19
2	1000.0	3
3	99.550000000001	12
2	1000.0	3
3	86.84999999999897	14
2	1000.0	15
2	1000.0	14
2	1000.0	16
2	1000.0	15
3	92.725	0
3	95.82499999999887	36
1	123.60000000000102	36
1	136.49999999999886	14
2	1000.0	14
2	1000.0	14
1	123.60000000000102	36
1	130.60000000000102	18
2	1000.0	3
3	89.39999999999885	36
2	1000.0	16
2	1000.0	14
2	1000.0	15
2	1000.0	14
2	1000.0	15
3	85.050000000001	36
2	1000.0	3
3	85.050000000001	27
3	89.39999999999885	3
2	1000.0	15
2	1000.0	15
2	1000.0	3
2	1000.0	15
2	1000.0	15

173
101
3	92.425000000001	21
2	1000.0	15
2	1000.0	19
1	123.625	19
2	1000.0	3
3	99.550000000001	12
2	1000.0	3
3	86.84999999999897	14
2	1000.0	15
2	1000.0	14
2	1000.0	16
2	1000.0	15
3	92.725	0
3	95.82499999999887	36
1	107.95000000000101	36
1	120.79999999999886	14
2	1000.0	14
2	1000.0	14
1	107.95000000000101	36
1	115.07500000000101	18
2	1000.0	3
3	89.39999999999885	36
2	1000.0	16
2	1000.0	14
2	1000.0	15
2	1000.0	14
2	1000.0	15
3	85.050000000001	36
2	1000.0	3
3	85.050000000001	27
3	89.39999999999885	3
2	1000.0	15
2	1000.0	15
2	1000.0	3
2	1000.0	15
2	1000.0	15

