500
0	15.006539	20.41755
1	45.943058	15.892827
2	2.700347	27.428959
3	10.252378	42.678585
4	5.207658	46.07484
5	38.852615	35.174274
6	28.007046	49.311302
7	33.255558	7.530841
8	43.678226	45.186684
9	30.49143	3.6897
10	46.941936	2.626156
11	44.278614	26.18138
12	23.244781	32.477367
13	7.466317	6.669233
14	16.968735	7.006792
15	31.160181	24.879301
16	39.1696	5.442743
17	31.118732	8.397891
18	2.208403	18.525066
19	3.928493	34.2476
20	23.557755	48.979935
21	21.290876	2.595716
22	49.511593	4.535577
23	27.322586	4.052772
24	47.133224	33.93634
25	36.305244	0.194194
26	35.649048	46.633144
27	20.95866	12.021002
28	28.979834	49.20717
29	12.758464	35.287903
30	30.522097	36.440445
31	31.152092	44.744415
32	45.136692	21.999393
33	30.333862	49.16219
34	49.76502	39.13998
35	45.925896	27.729502
36	9.920917	14.352499
37	26.539219	43.142406
38	4.893781	19.485067
39	22.07503	22.132685
40	15.460105	20.935469
41	39.382076	48.945534
42	39.72431	30.083717
43	27.857609	9.86223
44	35.075058	28.78342
45	2.918275	48.342983
46	15.004159	33.79236
47	2.379834	0.97778
48	45.415974	20.396204
49	30.700447	41.927757
50	13.117078	45.972702
51	42.06935	30.30105
52	14.570887	42.77715
53	11.158535	10.242968
54	11.296715	23.901714
55	14.161682	19.06005
56	41.460293	21.207535
57	27.625717	24.87247
58	25.368017	4.421279
59	30.151623	29.104263
60	33.077354	1.055168
61	29.330868	0.23615
62	46.11951	27.70445
63	24.959614	5.600514
64	34.91034	1.768979
65	37.553467	26.211056
66	12.492128	19.961725
67	12.457367	44.971535
68	48.210365	8.571748
69	17.38883	1.235923
70	23.697485	29.609129
71	43.048912	28.510963
72	5.580006	29.12309
73	19.714216	17.066902
74	42.66366	27.977985
75	36.96712	19.883684
76	38.12412	47.284473
77	11.773028	43.8252
78	37.851402	49.42247
79	11.607776	19.568495
80	23.042955	46.00576
81	22.875353	44.043346
82	33.08214	42.812992
83	26.072493	29.977133
84	49.14506	24.11233
85	44.98346	0.600445
86	31.51022	13.939457
87	17.341297	28.706474
88	15.291968	41.396
89	45.06195	35.22872
90	5.329803	17.09292
91	14.815935	20.101318
92	42.57787	26.945194
93	36.47068	9.487227
94	32.139084	21.734568
95	13.409387	20.434168
96	36.406494	10.281825
97	44.61025	14.669699
98	25.496456	12.806153
99	27.654486	15.630539
100	44.58627	1.7734051
101	7.5248957	6.8249197
102	37.783012	5.306655
103	0.7816076	20.272886
104	20.861498	24.411879
105	42.804863	36.595425
106	7.723588	34.96942
107	41.970665	39.921703
108	13.648274	3.9719315
109	48.47415	2.166924
110	7.1740537	3.102991
111	1.5722305	23.149576
112	41.75669	39.11188
113	45.517532	5.7947693
114	4.3710413	49.500404
115	43.52951	36.43474
116	12.895802	18.111696
117	15.486753	27.29897
118	35.106937	36.973923
119	4.91046	26.78431
120	48.442047	37.823135
121	17.729578	48.019894
122	2.4487467	40.13428
123	6.040144	40.25833
124	20.59063	17.159742
125	7.144499	23.556152
126	27.482029	38.747772
127	42.409595	40.53108
128	23.815151	9.834078
129	33.52963	0.33626854
130	48.420235	28.117832
131	20.508656	47.663246
132	3.7816167	29.106125
133	6.767935	42.022984
134	23.67188	33.40057
135	41.185432	10.862175
136	44.646053	0.67602396
137	4.327455	10.50876
138	4.272306	9.539133
139	39.652508	5.4233165
140	20.010674	8.535873
141	28.853867	32.833416
142	2.4637759	23.589638
143	10.840201	3.2745867
144	43.7218	42.589485
145	43.99416	29.73946
146	46.147137	1.6119033
147	32.43969	8.58637
148	14.163393	46.155674
149	26.013958	33.7781
150	23.430193	28.010946
151	45.683907	24.763355
152	29.73325	46.089718
153	17.257393	34.888523
154	37.562386	11.240732
155	15.681711	26.800451
156	13.784662	28.189331
157	5.047244	9.195459
158	10.172394	26.119476
159	18.950907	3.4635484
160	24.474525	45.795612
161	26.234373	12.404627
162	39.914616	9.656247
163	45.68823	7.046896
164	38.67953	20.056053
165	13.279364	2.6231437
166	44.382534	24.25147
167	8.26956	4.56236
168	39.4254	6.1858983
169	2.4855256	48.691547
170	35.46139	9.409296
171	15.491146	13.131872
172	3.1196804	11.245653
173	18.80133	29.186434
174	2.1695347	20.687801
175	4.1427193	24.082924
176	26.286932	5.4468484
177	34.4716	34.137516
178	0.4772812	2.5132031
179	15.645972	24.787851
180	1.4757961	20.804691
181	20.740667	46.200108
182	26.594072	9.697381
183	15.696916	14.641383
184	48.54064	28.0754
185	22.796997	0.53379536
186	28.779158	31.023142
187	29.118263	31.736666
188	30.596165	25.347673
189	38.197655	2.9604225
190	42.857998	27.09978
191	0.458014	9.778794
192	33.60159	9.401896
193	18.1222	24.10914
194	18.316046	23.84173
195	43.26298	20.565643
196	14.751768	34.007298
197	38.97962	33.20368
198	35.093464	2.3860514
199	7.4111967	25.969425
200	27.635622	37.696407
201	9.128061	38.90665
202	46.01888	46.039875
203	24.40452	14.76846
204	11.468267	47.237873
205	31.76597	16.208004
206	16.197119	44.93684
207	35.103043	33.907
208	37.611103	32.022736
209	40.41479	17.729591
210	18.605444	19.481909
211	13.025295	40.802185
212	39.06509	48.885963
213	7.8368096	45.014866
214	34.654644	4.3768644
215	19.04352	3.1704693
216	7.6554775	26.504194
217	2.7184665	40.38277
218	49.535854	36.044174
219	10.070634	5.512142
220	29.222023	43.44226
221	30.998016	2.7469068
222	24.800964	7.6048045
223	25.165771	36.870842
224	39.28695	4.1651545
225	0.32782555	31.435966
226	24.813816	47.215977
227	37.377827	32.776142
228	20.393553	12.888858
229	36.8355	10.498655
230	19.461447	37.537655
231	38.60138	25.380703
232	27.591595	36.012478
233	13.084209	12.23605
234	32.829067	26.372114
235	17.73715	19.719606
236	20.391327	30.055853
237	14.931533	22.776682
238	6.4193697	31.108639
239	49.529053	10.747862
240	47.916203	43.520878
241	32.84745	24.394316
242	45.936253	12.505937
243	32.59261	35.353214
244	28.954979	27.90147
245	10.17588	8.965742
246	22.655031	36.5577
247	0.35445094	15.894842
248	40.147213	15.186268
249	16.810522	44.47559
250	3.9655566	6.712055
251	27.890331	46.984566
252	23.631721	36.62968
253	41.80465	21.797493
254	42.80175	32.5537
255	20.979038	5.205658
256	0.14598966	20.311197
257	12.545717	22.115685
258	12.360406	5.207744
259	1.0823011	22.255474
260	24.784916	13.059407
261	1.2995571	16.298332
262	30.764112	24.187288
263	41.4157	5.6014833
264	0.4108101	25.686338
265	22.16525	36.293766
266	30.137596	15.182096
267	14.79334	17.156431
268	18.052011	49.15939
269	2.7805328	45.192924
270	35.943756	43.37361
271	33.50899	29.7068
272	24.535824	33.332233
273	35.479042	26.986187
274	35.365063	12.262019
275	45.159073	22.86979
276	25.072142	9.16276
277	22.024384	19.239988
278	28.018013	43.703846
279	46.017822	5.2075295
280	12.5373335	19.965216
281	24.532486	21.928354
282	18.352716	10.8840885
283	35.342754	6.7932634
284	25.803665	7.1753798
285	22.742388	33.476875
286	26.716724	42.284657
287	9.818355	27.002773
288	26.617712	21.351698
289	4.4070573	40.711185
290	15.251571	31.361366
291	37.23874	45.595284
292	48.252003	49.69204
293	31.249603	22.84955
294	45.54253	23.604622
295	2.4849772	11.251679
296	9.437212	17.21477
297	27.666546	20.938719
298	7.2565107	9.934219
299	36.870384	10.653773
300	3.9280534	29.934528
301	33.15873	23.204502
302	30.879951	32.966732
303	24.007141	42.91701
304	19.464088	34.857265
305	42.33171	23.67347
306	23.108042	10.594219
307	21.490255	28.729893
308	9.8575325	23.425678
309	28.231293	26.119131
310	40.438595	49.525944
311	47.89985	20.906984
312	40.473198	2.1653266
313	5.766237	37.896034
314	45.088253	9.970159
315	8.890396	3.2283723
316	0.46149492	46.713444
317	42.019012	28.54724
318	17.475758	41.47092
319	24.46566	17.416954
320	24.763561	43.156475
321	9.356705	16.205564
322	31.206402	39.065273
323	21.930498	43.895927
324	45.128414	3.6590576
325	5.4281354	40.756126
326	29.743776	18.389023
327	25.465992	30.572453
328	42.165024	21.736374
329	31.369474	36.487625
330	28.769354	28.134743
331	3.7917705	15.309334
332	49.798096	6.2033267
333	25.839542	28.531874
334	4.607406	8.35354
335	31.959524	21.975225
336	19.404474	1.8282086
337	47.86725	46.77606
338	17.032232	13.492462
339	31.964354	27.004776
340	33.37773	19.025158
341	35.917492	28.129366
342	4.2765737	49.77233
343	29.56554	43.25374
344	16.901848	4.538831
345	44.06816	13.035327
346	29.1246	27.536259
347	1.4760405	0.5999565
348	32.310436	40.006348
349	18.739716	34.94367
350	47.599785	0.53682923
351	37.909996	18.219814
352	2.5662632	5.525732
353	31.030127	2.0900102
354	15.947429	5.780506
355	10.370153	11.760595
356	49.116543	40.916714
357	20.381796	29.379236
358	47.36353	29.510551
359	13.512171	9.732863
360	44.662563	28.228846
361	35.04341	44.42791
362	27.236233	7.1852713
363	42.940376	17.36283
364	23.228022	5.2336216
365	23.588547	15.893581
366	44.542942	17.896154
367	27.869627	12.873358
368	8.318647	1.1313081
369	39.614056	34.10341
370	47.485657	6.5710278
371	8.730379	40.703114
372	14.936265	12.509972
373	18.665249	13.691947
374	33.44914	10.5200615
375	34.999416	28.527037
376	2.743843	9.713197
377	22.421097	35.46759
378	36.930813	30.408005
379	7.8059673	0.10715723
380	5.77361	31.204723
381	20.22155	0.04951954
382	34.2184	19.573795
383	5.1932125	33.981472
384	38.72863	36.26234
385	42.130375	28.951704
386	40.280674	19.769222
387	5.3077073	28.789476
388	31.14888	44.38999
389	40.900833	19.737804
390	31.588623	45.851006
391	14.244288	29.636505
392	18.496088	43.20623
393	42.44767	40.63057
394	38.39891	16.736301
395	10.791692	46.315117
396	23.557285	45.248787
397	45.727886	36.531654
398	11.408314	45.019295
399	39.90408	3.4301429
400	42.475296	18.12912
401	3.2940598	12.792399
402	30.627377	33.047085
403	20.366362	4.515138
404	7.1849346	1.7775059
405	23.20765	15.273574
406	38.823433	28.965914
407	29.826195	17.081482
408	30.067093	11.1383705
409	31.486311	35.241688
410	47.947624	22.274145
411	42.133152	43.207333
412	47.228382	2.60714
413	21.807877	35.471825
414	34.587418	4.7563524
415	17.755655	30.752192
416	13.97242	7.7441006
417	45.80502	19.561695
418	9.675747	39.323227
419	37.938778	3.5738707
420	19.749367	8.357367
421	12.958542	49.908905
422	18.439653	16.244904
423	27.221188	45.228146
424	30.153612	42.916195
425	23.833433	11.063075
426	48.88587	33.54072
427	26.946985	9.547344
428	30.385225	45.43752
429	4.2007594	14.236975
430	0.9977937	15.876299
431	14.488375	3.2227755
432	37.99893	24.482758
433	40.449715	45.645226
434	44.257565	34.219204
435	9.037569	40.05677
436	22.735142	41.70852
437	38.61806	26.03679
438	18.10914	6.7174106
439	15.0315075	3.9036722
440	17.760675	46.534054
441	40.355423	21.29692
442	8.542538	49.790085
443	28.540483	27.485197
444	29.74266	15.919847
445	29.18283	24.316675
446	14.106459	7.258141
447	20.281887	47.244007
448	4.8371315	35.996002
449	49.523113	16.462807
450	46.34592	14.4924755
451	11.312821	30.190367
452	33.8947	45.33557
453	39.150723	12.928141
454	42.913532	4.020524
455	23.910463	37.30037
456	32.968746	38.037285
457	42.945755	0.0022649765
458	6.4174027	28.807331
459	20.666546	39.440075
460	14.557412	48.46357
461	32.13585	33.874687
462	18.445747	19.515133
463	39.40257	36.018555
464	20.91876	8.474156
465	48.570915	39.9673
466	16.147598	2.4458618
467	40.154694	43.613777
468	23.269215	32.30191
469	27.99958	28.99036
470	8.251047	35.583836
471	3.1825929	21.668839
472	49.70868	43.836964
473	29.802382	30.92589
474	48.464905	21.181389
475	3.7239432	35.02197
476	40.311253	16.016558
477	13.185763	40.964615
478	26.836533	24.667953
479	40.046375	18.512383
480	39.97886	42.262497
481	1.452139	22.057507
482	33.828197	21.313602
483	6.2413216	7.1949425
484	28.375673	5.464375
485	16.635128	17.190044
486	47.62608	4.040906
487	30.159172	26.80022
488	1.5445083	0.87620914
489	46.525463	40.747234
490	42.51068	18.054346
491	39.902866	2.9924572
492	11.651972	5.475554
493	24.911781	42.409588
494	14.994225	40.544407
495	29.376974	44.706512
496	39.717464	17.828352
497	13.721972	18.905136
498	24.870136	46.623966
499	14.532057	36.3859
