81
15
25
1000
5
2
13
0.25
0	15.006539	20.417550	
1	45.943058	15.892827	
2	2.700347	27.428959	
3	10.252378	42.678584	
4	5.207658	46.074841	
5	38.852614	35.174274	
6	28.007046	49.311303	
7	33.255557	7.530841	
8	43.678227	45.186682	
9	30.491431	3.689700	
10	46.941936	2.626156	
11	44.278614	26.181380	
12	23.244782	32.477366	
13	7.466317	6.669233	
14	16.968735	7.006792	
15	31.160181	24.879301	
16	39.169601	5.442743	
17	31.118732	8.397891	
18	2.208403	18.525066	
19	3.928493	34.247601	
20	23.557755	48.979934	
21	21.290877	2.595716	
22	49.511591	4.535577	
23	27.322586	4.052772	
24	47.133226	33.936341	
25	36.305246	0.194194	
26	35.649047	46.633143	
27	20.958661	12.021002	
28	28.979833	49.207167	
29	12.758464	35.287904	
30	30.522097	36.440446	
31	31.152092	44.744417	
32	45.136691	21.999393	
33	30.333862	49.162189	
34	49.765017	39.139981	
35	45.925896	27.729502	
36	9.920917	14.352499	
37	26.539219	43.142407	
38	4.893781	19.485067	
39	22.075030	22.132684	
40	15.460105	20.935468	
41	39.382078	48.945534	
42	39.724311	30.083717	
43	27.857609	9.862230	
44	35.075057	28.783420	
45	2.918275	48.342984	
46	15.004159	33.792357	
47	2.379834	0.977780	
48	45.415975	20.396204	
49	30.700448	41.927758	
50	13.117078	45.972703	
51	42.069353	30.301051	
52	14.570887	42.777151	
53	11.158535	10.242968	
54	11.296715	23.901715	
55	14.161682	19.060050	
56	41.460292	21.207534	
57	27.625718	24.872471	
58	25.368018	4.421279	
59	30.151622	29.104264	
60	33.077355	1.055168	
61	29.330868	0.236150	
62	46.119512	27.704451	
63	24.959614	5.600514	
64	34.910338	1.768979	
65	37.553466	26.211055	
66	12.492128	19.961725	
67	12.457367	44.971536	
68	48.210367	8.571748	
69	17.388831	1.235923	
70	23.697485	29.609128	
71	43.048912	28.510964	
72	5.580006	29.123091	
73	19.714216	17.066903	
74	42.663657	27.977985	
75	36.967120	19.883684	
76	38.124119	47.284475	
77	11.773028	43.825201	
78	37.851403	49.422472	
79	11.607776	19.568494	
80	23.042955	46.005762	
