36
15
25
1000
5
2
13
0.25
0	15.006539	20.417550	
1	45.943058	15.892827	
2	2.700347	27.428959	
3	10.252378	42.678584	
4	5.207658	46.074841	
5	38.852614	35.174274	
6	28.007046	49.311303	
7	33.255557	7.530841	
8	43.678227	45.186682	
9	30.491431	3.689700	
10	46.941936	2.626156	
11	44.278614	26.181380	
12	23.244782	32.477366	
13	7.466317	6.669233	
14	16.968735	7.006792	
15	31.160181	24.879301	
16	39.169601	5.442743	
17	31.118732	8.397891	
18	2.208403	18.525066	
19	3.928493	34.247601	
20	23.557755	48.979934	
21	21.290877	2.595716	
22	49.511591	4.535577	
23	27.322586	4.052772	
24	47.133226	33.936341	
25	36.305246	0.194194	
26	35.649047	46.633143	
27	20.958661	12.021002	
28	28.979833	49.207167	
29	12.758464	35.287904	
30	30.522097	36.440446	
31	31.152092	44.744417	
32	45.136691	21.999393	
33	30.333862	49.162189	
34	49.765017	39.139981	
35	45.925896	27.729502	
